8974
6772
6930
5107
9816
1627
5601
4737
1112
2617
5427
1347
5896
9535
258
3969
5628
2249
1004
9819
7409
3674
2695
349
3246
4758
5432
2923
2694
9941
8356
3043
2329
4476
6242
428
1791
5516
4979
4060
5919
625
9224
8508
9940
5293
2752
1644
9440
6074
1232
4825
6389
5485
5116
6790
1755
5782
5390
7600
6441
5949
9565
4095
5223
5863
2927
4274
5887
6466
3089
3277
8523
8461
6975
9290
9321
7742
2794
707
8847
9667
1019
2511
5724
7954
5926
1454
3046
9077
6408
1673
3780
8939
7988
6839
4363
3514
1632
1089
3176
8873
3067
2072
6288
3576
6960
1971
3418
7770
6119
1050
5503
2456
4145
4069
628
4251
385
5948
6976
1105
5814
3408
4586
9599
5295
2352
1890
6706
1519
3431
8125
5588
8975
710
2324
1815
6782
9131
6749
1580
6469
8995
1717
5104
8058
8237
6396
2722
7675
4504
4506
7012
9480
871
1406
3788
8981
2243
9205
6447
5842
5277
466
9840
8140
1964
4556
2884
2947
1968
2449
5584
1524
8854
598
5090
532
56
1095
8916
4526
3200
8554
3849
9335
1530
7443
2354
47
1660
9201
3505
7937
3325
577
2334
8550
8878
9023
9380
7477
1493
5019
7220
7970
449
4711
8607
210
9926
7097
6488
7934
5198
1323
5255
5705
3113
1966
8813
9018
1791
3011
5263
7596
571
8864
5484
5110
1637
4324
5895
8817
9452
5116
483
5799
2488
3738
6488
5711
3604
5462
2947
5037
6492
5696
8211
3930
8244
1398
2392
2579
1412
7880
7536
1887
7578
4820
5444
4067
6099
7667
1497
3999
216
5678
1627
3487
3223
2854
4618
2571
6337
8174
7043
6
9646
6548
7635
563
8612
4533
8784
2805
7710
7938
5596
5409
1945
1861
5127
6745
3568
1470
5553
9656
8771
770
5789
7875
7224
3897
1310
9225
5703
7305
9254
6874
8820
8561
6506
3389
8521
925
2093
9409
2738
4085
9042
1947
842
479
2747
2354
5241
492
7446
2245
140
8230
6190
9080
5191
1602
678
8258
1841
907
8633
2138
8010
9905
6373
9454
8404
7056
4122
6382
9894
1642
8866
7465
2238
8387
2773
7471
3157
5623
9562
9953
6321
8443
7250
9510
884
8013
7456
4610
5186
5369
3862
6156
4239
4465
2875
3680
9951
114
4183
9172
3221
9448
43
7207
8603
7931
1892
7891
4974
6491
7071
9701
8456
8448
2263
9914
7929
3370
1562
3835
247
2312
9887
8056
6668
8217
12
3118
411
9075
1642
6899
3420
8674
5575
7805
4252
1824
128
8121
2392
1423
9791
5137
241
3218
8429
5474
7463
9680
1836
3873
1343
2034
1997
8548
577
1548
3782
4628
1676
7922
8356
3005
1106
9527
1584
7172
6891
3933
8862
402
8991
7085
3692
781
3508
7250
3521
1252
5118
3706
4800
6836
2623
5869
9923
3382
6485
9293
7
1383
8461
7979
2611
8108
5027
1922
7158
7147
178
8645
5964
9300
9400
42
1203
6904
317
6639
5404
3599
3606
8470
327
1003
421
3892
4212
5442
41
5776
7533
6849
6832
716
417
5291
2579
7511
6407
2021
6328
6698
9181
7289
5010
2866
8755
3683
9005
2764
4346
5853
9464
7612
1889
2682
73
8567
5626
196
7782
5232
7164
7685
7588
117
1475
5640
3267
2765
139
3534
482
4719
7335
7467
5339
2424
4967
1963
6711
7012
3060
8597
7408
2818
8212
1312
1523
7990
1485
7720
6985
3041
8592
862
4773
6357
9953
5314
388
1071
9270
5801
7943
9940
1393
9295
9596
9903
4324
3586
9763
1244
1603
3476
3867
4064
9727
4798
9779
5078
566
8977
2482
4733
9090
2641
9410
4992
4248
7628
2173
8200
2584
5624
2072
9153
4214
3289
4458
8710
1131
4121
1084
5746
1102
8923
5995
9060
3296
1546
2710
7343
9733
16
1766
3102
3380
4882
7123
9657
409
5500
776
8607
158
8750
5816
6740
5627
9903
1468
8085
3152
8793
1810
6667
4958
7668
547
1686
2703
4562
3762
1923
945
180
7601
9639
8940
7398
894
9931
7258
8472
9282
9779
1020
2734
7163
634
6592
8737
8254
795
6031
2785
8248
3650
4213
380
7512
4090
2228
4760
4829
1717
6377
9901
6775
1182
8727
5039
4670
3653
1694
4839
9603
2572
5605
841
5353
5725
4382
9594
5101
3635
8332
9365
1824
7401
5787
190
2136
9108
3162
7963
3554
7018
747
1508
4372
8740
9536
5839
3130
8930
4728
7548
281
6784
898
7103
1939
7107
3235
213
9733
7673
4561
5107
5004
9212
8403
4949
1775
3691
5501
1439
4389
5354
1557
5396
5190
593
6676
7613
8331
9007
4365
1855
8207
7005
2448
3704
8096
4244
6919
5310
6083
3613
234
1463
5531
4215
6687
6066
1523
2011
3760
5010
3270
8940
5841
775
940
9281
6207
5372
2348
3085
814
4065
4440
2613
353
4265
1469
7411
2233
9189
80
3555
4709
1405
6234
2007
1783
1452
2982
4425
4247
1237
7797
4234
2632
4686
579
1356
8385
962
9540
320
4312
7763
2030
9303
7870
7127
1166
4487
624
495
5835
5438
2787
3684
7798
7971
3226
6186
4700
7514
8851
6858
8847
1664
6645
8710
5502
6667
2427
7117
1983
9367
4247
8876
3252
5266
121
5651
514
9684
3563
1141
561
7947
3586
5637
2403
9303
8007
979
5440
8807
9924
9081
8264
5865
8975
5723
6637
9658
6074
475
5541
3137
6838
5189
3667
9107
85
6308
9254
7076
7558
3640
6642
609
2569
9059
8650
2171
2722
5966
6777
5234
1879
8599
4355
1755
7316
482
1890
2828
6951
3543
2859
3287
4890
8127
2353
5716
716
3665
7122
6752
1847
8499
8392
5720
7216
2532
78
6731
740
6071
9256
8293
6170
1047
326
2815
7127
9533
8403
9589
8775
1474
1594
3455
5083
460
9786
8922
8418
2316
5407
4494
2242
4948
1920
4613
399
2663
5629
535
6341
5103
9999
8206
5072
8098
7010
4536
4060
9715
4811
2150
1785
8430
3313
8828
9851
7546
5159
8141
2396
716
3604
4554
4247
5979
1812
6773
8201
8918
3823
450
2730
4693
9777
2098
9705
4380
1423
1262
6018
7195
8284
3837
8083
335
6998
1038
2225
7402
7472
5354
1721
3673
6123
5846
229
9514
8451
2187
4515
1083
7216
4992
4431
1436
5278
8575
3024
378
4378
1206
6812
3189
8231
9338
1074
5000
1159
2664
3064
9471
4214
9699
5467
9254
9029
5944
7105
3204
2292
2817
617
1228
504
7198
3311
4952
7487
6009
3870
4915
7439
1737
9109
8850
6986
6430
5342
1905
9558
2044
9346
2633
1076
2386
1690
7837
1786
7991
1611
7958
2589
595
2769
3549
3757
9362
4743
1586
1063
5329
3554
4096
9482
3755
7523
2747
5632
3733
5121
5276
751
6707
7297
9903
7419
959
8990
6120
8995
8409
2132
504
6996
7322
7973
5913
958
4144
294
5066
7250
2927
9673
4988
7952
7662
3675
765
8895
2880
4938
670
4752
897
6089
941
6935
7592
6458
8918
3200
9193
7548
1925
9809
7954
5516
211
9808
670
3978
2599
1659
2116
7554
7237
3557
2131
5687
7566
650
1539
4472
9047
7225
4215
6155
9141
2366
2546
3529
5151
1239
9639
2939
9934
1581
9095
9179
9958
3322
8988
4637
4705
9637
6474
4871
2104
2425
5683
4572
4359
2901
3465
4883
212
2400
9463
3499
2233
1157
3581
1678
8876
2658
8774
2231
1501
6898
2852
9763
9958
1255
6086
2104
9186
4272
9897
7976
506
7075
571
3100
4428
6985
3672
4502
8362
1614
6459
9690
8876
7697
6835
8361
3982
2937
2983
9580
1199
3611
7123
7830
9120
6040
778
5324
9607
7993
3601
1895
6773
591
1325
5895
9066
3708
1004
6361
9621
9534
2468
4274
1764
26
8882
5210
7948
433
5193
3148
9435
521
2263
1503
2675
3433
1732
4847
3631
6427
7557
3874
9756
9271
4668
3282
8904
6780
5346
7879
5315
5983
6149
6032
2244
8734
8127
4760
1290
7175
2373
307
2717
7713
7405
1357
2671
5279
7454
2127
2533
1291
8536
6685
2230
8599
6290
9577
5439
8240
1891
2016
1559
7024
3447
4907
8932
3063
1492
3115
8624
1015
4770
9444
4875
4813
115
4219
8002
4730
4552
6284
9267
1182
4279
4963
3471
9644
1496
3508
8294
3049
1138
7874
204
1328
7074
5850
3583
3844
3894
5653
9275
4152
7170
7436
1581
7938
7640
2956
5646
2780
8978
2985
7357
2225
4724
6247
4816
3329
8320
4511
1157
3038
9935
5940
3801
8507
9521
8961
6797
6600
7578
3507
9246
7556
6558
3010
3788
3883
4342
5307
595
3951
8914
4712
646
3042
2353
2198
4336
4249
955
2936
9267
4961
6006
2148
2169
7039
9952
2763
7066
9860
1624
5691
5777
2997
16
5827
9895
3617
588
2875
3311
362
8731
1663
6199
3383
9069
6332
4234
3185
9770
3480
8644
6662
8958
4644
2426
3135
5958
9005
6237
7477
8514
891
469
2937
4715
6722
5423
3470
1882
6438
7689
1641
4088
937
4904
346
2164
4525
6368
345
4474
8355
3475
1142
8327
6586
9660
9871
223
8543
686
156
9774
695
1766
114
1585
4528
4003
4096
5795
6721
1318
7984
3246
8818
328
4352
1688
7824
5809
8178
4350
6684
4697
3039
1647
8093
2033
6721
1242
4299
9105
7191
4905
9750
6793
649
171
5704
1965
6901
9548
970
4
2623
7814
5217
2321
6633
8888
3818
2625
6348
7122
9073
5996
8017
6547
222
7333
4304
8862
4452
6668
1265
1333
1224
4669
4741
4337
263
3355
2630
3248
3284
3689
190
8957
6469
5679
3191
7301
6053
8540
3845
5265
1521
9264
1842
440
1982
6052
6767
4789
1239
5073
522
1494
7609
1671
2696
5813
767
788
7680
8200
6774
4676
5736
9357
2645
5898
6133
5931
8733
1177
3058
6991
4710
5349
2256
2368
8317
7003
7278
2586
3502
6300
3160
2214
7905
8044
1206
7939
7115
7761
3172
4043
644
9856
8933
6520
2691
5714
3431
914
6787
5474
9276
8500
8582
9796
1922
6490
9790
3098
570
7862
6811
7186
4522
7830
1132
9338
8825
2765
6973
440
4039
7182
9049
1686
2398
5170
5395
2780
4033
8787
1761
9203
24
9851
7901
3947
3607
4968
1144
3707
4020
480
8305
5142
1381
8976
5666
9574
7588
916
9091
6385
8683
4587
3835
5546
4583
2235
8979
4417
7581
946
3114
6070
6093
1714
9473
2234
400
8407
7378
3532
7495
3617
9659
6390
8049
1006
7153
1459
8681
965
6064
8665
1918
7422
8420
1785
6413
4525
7295
7626
2608
5808
9882
6085
234
6984
5592
3275
5458
5660
1095
4126
8150
7890
601
3142
5246
2195
372
1727
2997
7738
449
8816
5141
1403
9142
9684
9278
8820
8660
8477
8000
5720
7455
2481
8289
2691
4874
4637
8526
98
1619
4840
2741
3700
9653
6308
4068
5876
9050
5310
3684
1115
8884
1622
4774
8171
3035
1967
925
1150
7190
9378
9727
4446
8834
3070
7472
36
1163
7982
1834
3214
8778
789
2927
8030
4643
9610
4404
4478
2231
7628
9672
3369
560
4856
3379
2254
8648
800
6513
3405
3433
9948
9501
1337
5722
1086
3078
6427
6423
1322
5795
5379
6081
2860
2974
1116
1859
4888
9759
4135
2461
9294
4821
5320
2927
5587
7113
1899
2132
389
3600
4697
2640
6923
288
4049
6938
6248
7589
5770
9653
2813
4408
3893
6920
891
1713
6168
9731
6197
9755
9298
1605
5057
291
9235
4854
1808
7470
6758
5273
1758
6070
3318
5661
8624
1695
5053
8013
7255
4849
3876
2367
480
82
8867
2908
366
9976
6220
6046
8607
9207
1957
6627
3672
8735
9568
9689
78
4590
574
5254
2998
2419
8353
1787
8793
94
865
7332
8019
325
5732
7078
4718
423
6867
9424
6569
1978
2193
6202
9337
2851
7822
3445
5562
8957
5607
5732
2825
7953
3609
5508
7022
9519
6819
1766
1609
6439
3155
6247
1872
4062
6558
8199
2320
2163
4121
596
7767
5382
4532
6489
9280
1484
8785
8010
4742
9219
2301
6277
4968
5288
9091
3679
4306
608
6467
3513
5812
9846
7981
1167
5211
3818
5979
8786
5158
3715
39
9803
7564
2794
2826
1543
912
7032
8161
3875
6047
2121
734
7957
4201
8386
6404
2457
4663
532
7680
6358
5899
9892
7954
6864
1100
3021
7873
305
6182
6400
5939
2542
5500
9454
2399
756
9509
3445
5512
1109
3539
4529
2779
664
2863
3368
737
4533
6285
8450
956
8393
7499
8701
5150
3509
3032
4591
7923
9185
7670
1337
8930
3376
7947
6420
9417
4590
9750
5008
8886
4948
4306
1937
967
728
4445
9127
6679
8192
4649
5383
7845
8593
2455
3562
9159
2489
4217
8753
9810
1555
6568
5242
9595
6580
9275
7616
9137
9779
8804
3122
8662
1168
8780
831
9557
9983
8632
2019
1433
1136
4800
4347
8817
3609
5551
9410
7898
6900
2050
8419
3601
4351
6135
2977
9890
4310
7008
5544
4253
8691
8412
830
108
7557
4954
7037
4734
7897
4065
1561
1956
3485
4620
5756
6131
7967
1090
2355
6368
5123
6906
7270
1823
2476
7614
1816
3451
9885
7346
2045
4827
7747
673
3762
974
8195
2899
898
8614
5653
9218
1566
1501
5262
8919
3565
910
4374
5605
5038
7190
1527
7769
520
40
2641
8832
1262
6571
4432
9354
7332
6859
7064
2460
444
9762
8179
5978
1267
4596
6401
7839
4341
1243
3847
1321
7006
2711
8255
2412
6275
4753
6224
6673
8935
109
8972
168
9150
7760
3976
2469
9122
6902
7833
3428
7878
4261
4132
1590
1389
5452
8776
1694
1206
9386
5629
6846
4122
8125
1126
9127
9152
7790
8586
8684
3917
2406
8985
977
7634
9250
3661
8709
9685
5652
594
944
1211
2481
4744
2260
4918
6707
9420
4982
2421
9240
6770
1186
2262
4751
2517
7030
915
6843
5678
8697
5494
8115
3022
1733
2615
3249
3997
9231
1103
7498
6908
435
5543
4327
9818
4777
7443
4013
2142
6457
9873
4962
4410
3572
7921
4410
6644
662
6778
1083
77
3855
7657
4139
3222
418
8121
1361
9236
7640
1668
9106
1213
3242
5577
1211
8190
6704
676
2802
6135
2935
7628
471
5818
4688
7244
1780
1953
8537
4205
5777
9444
4476
7227
827
2852
6295
6947
2648
9934
1885
5935
2914
8909
6638
8815
2387
4138
5157
7985
3759
7936
9152
740
5032
2188
3646
575
8599
8218
9377
244
8514
7037
2029
8855
2886
9627
1441
3216
1276
6505
5996
7926
7234
5387
5810
7255
3522
3187
3209
9068
6943
363
2252
5857
9733
4730
4352
4558
5294
9294
9604
6958
5423
9675
9280
8541
5759
269
7623
2969
2060
9970
1238
9858
8943
4614
8665
833
8375
7030
8469
2307
3028
306
7479
6197
3265
7849
60
1108
342
5046
9622
1575
2113
4428
2934
9118
6927
8931
6395
9558
2118
6721
2898
71
4088
8178
6589
1430
2427
5159
3371
2825
4450
1556
8704
6175
3502
9890
7539
4436
9430
7623
5835
3988
4957
7874
1904
4265
8606
5780
641
2907
1191
6846
5231
9499
5793
424
3590
2819
6317
8028
6720
8868
5872
8149
905
7788
5591
1625
3067
821
7889
3992
8754
1150
2282
1410
3747
9770
9986
940
686
1024
3717
2493
4833
3386
6022
9753
3969
2590
1673
1644
2889
8976
4326
9682
69
8742
8504
7385
9213
681
7541
7793
9003
9065
57
3366
470
9618
1891
8346
7697
5448
3427
5444
923
3556
1792
362
6720
695
8597
7864
7737
9594
7863
7232
754
5444
2851
4183
4566
2316
2918
384
5305
5457
5746
1227
6823
8481
8724
5423
3092
8409
8711
3136
921
6813
7496
2908
7575
1908
9371
9974
9383
3822
6490
5693
9536
307
1002
3008
8794
864
7046
1237
2148
4726
8954
2274
7315
4925
8736
6676
9986
1837
9643
1812
857
1540
8821
9830
2236
9548
8528
5029
4986
9169
2792
5948
10
6691
6524
6987
1837
7207
3027
5384
7634
6865
6474
3340
7067
8406
7427
1621
1715
4739
3541
3542
418
4887
5478
5275
3639
6269
337
332
2298
5587
4260
8138
2922
5520
1944
1613
7887
6775
3564
3362
160
5929
7230
4847
8046
5239
9758
4001
6043
1054
3132
722
6293
5649
4884
7849
5910
5279
7894
9844
4786
8877
3466
1576
8780
1234
2856
4543
7673
7655
2320
2049
5601
7353
2361
3546
6850
8088
4411
4539
7963
5722
1057
1944
1196
1834
2243
9073
1603
7584
203
9744
7235
1815
7537
7835
4631
337
8063
9555
5268
5966
1851
5386
9222
9059
7211
9309
2781
741
922
4974
4439
8356
2530
4705
2997
5801
4692
45
6623
8286
2970
1841
4766
2930
9832
5172
5984
5906
6098
359
6636
5226
6188
3982
8140
104
8714
6124
3519
8403
9086
5020
6182
2532
7678
8085
5128
1428
7295
9799
6830
5388
9626
9377
7040
5367
2441
3054
4053
6756
8487
5762
8268
1139
1878
1015
8541
6209
7830
4831
5944
7089
2758
6466
8652
5770
3019
5302
323
9165
3969
3030
8446
9966
5020
1827
5609
6380
7808
5694
8100
5605
525
7355
752
1074
5204
612
7672
8266
6796
1152
466
9262
9846
7163
8886
517
4749
4410
2374
5290
3781
9250
4529
1852
6822
8028
5507
3468
8314
5688
5127
2883
4598
4167
8166
8661
701
7974
6386
1856
7572
4693
5991
7126
2294
9967
891
384
2943
8108
553
3469
1576
4965
5417
7535
9187
3644
4225
7584
5266
3805
6756
363
3525
2671
8154
899
1095
9517
2537
447
7366
4030
8424
5387
6507
9049
5638
9125
2262
9757
4758
898
1245
4014
584
3740
4963
2934
6587
3825
1983
3236
8803
4443
2759
6050
1798
8569
8207
4096
8838
5588
4870
9634
226
1338
9603
6918
5879
7056
9402
9824
8591
6245
7556
5472
1632
6297
3532
4407
8031
3426
4347
6277
8723
3969
1263
3419
3526
4993
2408
1591
9793
1433
6813
100
6638
9252
8775
7869
9342
7441
3455
1535
9489
6901
5385
8946
1936
8881
614
9876
4101
1360
668
8862
6952
107
8848
893
7306
4030
263
8476
7328
6635
3418
6974
2181
8420
6294
6932
9824
2844
7558
7064
7290
7750
1462
8479
8348
1005
6983
1670
6740
1564
2816
4455
9959
4538
2805
2899
6962
3014
7605
5524
4576
3687
6666
8050
5123
218
9897
5172
1589
1213
6534
4766
9756
9427
4144
6017
5588
1342
5788
9990
9095
1625
7986
1013
8416
1674
5840
850
5364
1210
7260
9433
2603
8128
8755
2717
6295
4888
412
9406
7371
3989
8785
3020
2629
1127
2882
583
5805
2344
825
5504
3899
6083
1647
1202
9528
570
5149
5157
8856
3913
1110
6965
3604
3848
7503
7444
8011
3181
5788
5348
982
8285
3100
4185
899
4556
8566
5438
8737
7930
1530
5369
9688
3548
8448
708
6677
1448
1668
8856
7335
9416
6928
7513
9
6300
398
7599
1371
8336
1449
1756
5014
9448
1101
813
1084
6731
5218
2966
1637
1739
3695
7052
7545
4260
9214
4474
4434
2632
2894
2211
7070
2013
8072
8192
8135
9040
3403
87
4760
6469
9602
6854
7737
6612
8668
610
5245
6548
9195
1196
6281
7025
593
8733
8247
1491
1886
5088
4657
8505
4123
8865
8763
5153
5007
3290
4055
5750
1837
4068
931
8307
8379
9323
6995
7429
9803
354
2380
3150
1135
8900
1913
1521
1836
7514
8067
5542
3083
9601
81
7500
7464
2338
981
4500
6091
3736
1837
900
8474
4892
8069
7442
1891
1157
6476
9433
9797
4081
8787
3849
6594
7234
9742
9910
1451
327
6715
9456
7841
7153
1316
6519
7375
8572
2797
3965
5542
3366
5781
1444
6352
3876
6741
86
9981
9506
8317
5390
3368
9104
855
7100
7492
484
7924
6692
4174
3354
3575
6306
4853
2308
3457
2608
8308
5179
163
8329
4548
4315
3379
8218
2325
4233
4224
97
2219
8801
5308
5124
3006
1825
2033
3646
5130
477
5896
163
5238
4618
477
8068
4406
2495
3416
2961
3235
6193
2678
5583
6170
523
1802
3523
7060
9436
8978
3965
378
7021
7607
67
737
9775
5691
3003
8170
3244
6232
9240
1481
7456
834
7859
8274
4124
8473
7571
7828
7291
7289
4035
8737
7958
6875
2061
2729
7484
9368
115
6410
9481
5822
6868
3641
754
7891
4380
5652
4321
5248
4200
3051
6683
3295
7005
9073
4142
4436
7126
7259
6496
8514
2848
5561
2560
6142
4925
4784
7637
5450
9739
8842
128
3834
693
5837
1876
3488
78
271
9757
7294
467
3592
7391
8386
8374
1237
6426
1660
4006
1759
3700
2490
4980
3922
2472
5506
1610
3407
8248
3489
8970
2386
5237
2678
6188
5587
4841
3421
9350
2325
3081
1170
5006
249
5797
7476
515
6938
65
4962
9173
6434
5746
9082
7097
1817
8611
2156
4772
2635
6722
5266
2505
2487
5490
391
5540
8161
2206
2611
1648
5536
5483
6785
7340
5323
7883
7433
6743
3893
3892
2915
6393
1620
5571
966
3509
1660
4841
9996
6464
1576
5478
9359
5879
6481
9824
4118
4504
3
9475
7045
2319
8166
6471
1998
9612
1678
8537
1999
497
8649
9539
8674
3729
9384
1710
8238
8284
9620
9690
8365
6343
1722
7219
1360
1661
3711
5467
7566
4364
5031
4533
7765
8839
7557
6058
5834
435
549
1310
3871
772
5611
769
1346
8670
8693
2125
7517
3396
5898
2916
4471
601
4698
3252
6916
8597
5278
8467
8471
8777
2554
1354
3450
5474
4810
6698
3743
7631
8130
8768
3917
7668
1636
539
6475
6701
3228
7686
3901
3989
7975
2866
4084
5369
4050
2405
4049
3938
7012
1183
6518
9786
5387
5027
4629
699
9155
259
7254
9073
496
9693
2809
6843
9646
163
879
8213
597
5743
1655
7312
2501
8833
2605
74
2291
3068
48
2740
8385
1920
3905
6827
847
4474
9837
7613
2908
6407
5393
5028
8747
6952
2502
5363
7688
9762
9988
3146
1808
5453
8315
7757
9917
9362
5302
5971
9004
3379
6360
8412
5714
3519
3722
4661
4259
2276
7826
7447
4883
2791
781
9256
622
1315
9317
3602
5470
8303
8605
6735
8843
1612
9871
6523
7211
868
513
938
9806
2694
4410
5703
2386
5481
1810
9519
7477
211
260
7309
4837
9286
8588
8259
9343
9792
566
5147
9156
5745
9388
1630
5163
7150
1351
3941
3756
8672
5301
2491
5576
1111
8082
9123
3032
4127
6688
2660
7218
2674
1612
4500
327
323
3253
5512
9587
6024
8905
751
876
8784
3109
4969
3909
4491
2971
1446
882
9282
5122
4695
6173
6791
5087
1880
9268
4273
309
4093
8678
3820
5590
2006
3725
9336
1518
798
5937
4143
6591
7367
9648
2246
8457
9564
1207
1413
7083
2881
3593
5525
3160
4571
5336
1756
8364
9357
110
6742
298
9168
6697
5954
4882
6800
5819
304
8699
6151
6780
1637
1869
1467
7997
6125
6556
5564
7641
5391
391
8542
1165
2311
7375
9116
8830
1575
7923
7831
4471
1386
1529
5648
5112
9590
2553
5347
3979
1614
1089
6991
7832
5972
4616
8193
3134
3307
3377
1114
2868
6704
1627
9033
8550
7960
1170
1877
6338
1426
2197
7611
3468
1680
2594
1321
5169
8488
2058
1780
8146
1511
5169
6370
6136
8605
7158
773
4738
2880
4684
2634
5012
3044
2187
7685
4196
5636
1129
6210
8487
4544
7548
6325
5384
1605
8946
1291
9486
1625
9818
6829
4229
3461
1158
6332
8282
4269
3625
9766
7856
263
9929
3244
3253
1046
2131
5425
4515
1373
880
8666
428
5709
8166
7363
7819
7784
9513
8722
6134
1190
2764
5788
2190
5827
620
2484
6247
1929
6031
4237
4025
2868
1759
7947
106
8405
2256
9238
5700
9737
3378
3105
2759
8510
6150
450
3228
707
8638
8640
8652
9805
9620
3183
3651
4821
3138
4462
4646
3205
6798
2587
9221
1064
8441
6616
866
850
3859
2333
1745
6090
8045
9492
7529
172
634
1669
7322
2049
4962
1563
9855
9850
9139
4614
6394
6722
9170
7174
3748
6531
647
1086
2869
9232
7739
7402
7322
2875
7564
2549
8349
4668
9625
6332
7351
2269
1283
9650
6671
9714
1878
6852
7857
225
1349
3623
7185
7204
4958
5748
3766
4531
6729
9822
281
426
7510
9566
6375
9416
3185
231
3880
5170
3722
3766
2118
8764
6136
1626
4985
9038
8422
1208
58
5807
1628
2846
7793
6776
3418
7857
7150
536
8828
9632
1601
2846
8329
1825
7734
5038
2161
9315
6022
5543
4738
3462
7634
2707
3339
1264
924
6735
9343
4256
5315
5741
8622
1512
5227
1735
8010
9470
3018
7918
7842
302
620
224
1129
8588
8922
4133
9090
9453
2027
1503
5643
327
9658
3913
341
1369
7793
7713
4971
3905
2816
7473
7847
6228
2712
6700
4430
1835
9471
8848
4393
2886
1141
9191
9960
8899
6808
3238
2520
4896
3368
1904
9470
6306
1255
926
5491
5606
1592
8438
323
1568
433
6067
9832
1575
981
9130
1048
92
6331
236
9298
5364
5668
7811
6447
4314
4611
8042
534
2466
3352
9499
4894
2318
616
484
8466
5019
5234
8010
2849
1988
6522
4030
5738
8758
6945
1969
1169
141
4275
8903
8116
1752
9947
8109
9258
3073
6953
2840
724
5859
4994
9242
8990
7706
9640
196
7209
3159
5198
4123
4117
646
6459
6725
5961
473
9377
1501
4866
7529
551
720
4534
8108
7118
9103
8692
747
4590
859
9981
7671
1608
1787
6527
8026
6017
4557
9208
3971
8056
2128
6730
7944
4123
6396
7172
2808
4006
8649
7273
9013
6736
2007
6662
3665
5754
3177
1078
8902
3358
8570
7890
5588
5546
9940
5035
3793
6517
9975
5973
9965
9487
2963
3869
8759
3259
2724
5478
8423
3371
2826
3155
871
1055
7876
1139
54
8466
3668
4052
27
3408
4336
6267
968
6540
1114
749
4832
880
9108
6903
9996
3486
5943
1042
7207
8193
8368
484
1041
6561
8932
8298
9476
7679
6144
6581
4361
4233
7456
1076
5240
6224
9380
6766
7357
1479
2098
7069
8892
786
7789
5025
1655
8135
5547
7113
1082
82
9723
2950
3677
550
4190
3970
868
8626
5370
9165
6311
8141
5596
6094
9186
2830
702
2656
4329
2234
5800
5081
570
9110
624
9808
391
5893
7983
8937
4974
7409
2510
6666
9867
8293
3902
9709
8730
6083
6759
1413
5975
4594
1366
9192
2531
7471
6075
371
8193
7239
7082
1495
3305
4808
9944
8252
7514
9526
8902
7692
6854
2478
7758
254
612
7830
7856
1149
4466
8989
2863
9985
7611
260
8681
3075
3834
6439
306
8011
6026
3442
260
4604
4902
9384
4277
3069
5439
3588
6018
3037
7
5936
110
8784
1123
5618
9655
2006
5846
1277
9739
4003
6800
5098
6218
8565
9746
6997
2888
1159
7391
9180
8554
9618
878
9014
557
4249
5300
9
1017
2168
1152
7260
2696
9334
241
9566
8657
7147
1244
9700
88
9040
227
3230
5794
6718
3220
9929
7514
4197
410
4322
266
3811
4146
5690
6247
5415
4887
4852
1703
225
6059
4782
6663
5806
8752
9038
4150
4424
7131
7689
919
3878
6662
1888
8340
5732
2574
9786
5276
1548
279
4590
1873
2246
6342
1745
7251
7788
3317
7902
3920
3628
4795
1409
5914
1755
1867
1036
4638
4153
441
9692
1747
9570
8010
9850
3550
7674
8803
5016
9723
3747
5255
9073
5723
7071
4007
9101
1994
6524
3007
1688
5482
9379
6970
5306
334
6999
4716
6955
6351
4213
8258
2092
7455
9464
2659
2725
8585
5231
4308
8625
2691
2607
5137
136
7091
8487
3116
2014
7484
9009
1889
4707
2840
8845
8393
1617
6718
3613
931
9288
125
6794
150
1479
1198
6179
7136
5167
6916
8801
1539
4529
8866
9962
6394
2096
1079
8987
4189
1874
6313
9174
7155
8139
4990
3009
1637
1036
2538
5924
2199
8326
2301
3972
4835
843
3689
2584
8688
7597
422
8538
6811
3953
7689
3914
3815
9576
8498
5273
481
7639
294
7221
5050
4254
1302
3807
178
4736
6762
5524
5911
4920
7220
4173
2432
5400
3044
8606
9742
5968
2084
5925
5865
739
4930
3544
3913
631
7955
9507
4965
2102
5245
3000
6518
3372
9441
4390
6205
9793
9820
1058
8178
5772
667
7634
1351
1927
2678
6873
8415
5584
2767
3536
3113
5679
507
8512
9371
1666
4108
3909
7190
9177
4893
5669
4402
6284
5302
201
8053
4220
9287
4287
9489
3492
8258
3626
7656
6475
3824
527
9696
6463
3348
3780
8419
6849
9952
4888
4576
2290
2713
8468
3447
8902
3887
4491
6159
6632
2440
5972
5230
6462
8361
5494
2018
5141
4439
5775
6743
6594
8589
4034
4411
1492
8169
4015
6668
6993
2756
6493
8372
5813
6578
4436
9749
5138
6603
2455
3350
5643
2341
6814
9146
4542
806
8885
4087
8801
4190
5021
1208
1738
2975
2571
4858
2646
3594
6137
3940
8688
7366
2873
4590
7783
2192
9816
6323
1251
8143
3032
4076
6778
6373
4847
350
8289
8400
3685
5005
8505
6497
6706
2421
9955
3332
9648
1252
3412
7456
4504
1828
7154
7941
6491
4698
455
9877
8794
3958
130
5557
107
596
2722
3475
3768
8645
1468
5599
5952
8415
5389
4632
697
1965
8966
5790
932
360
1840
7131
8669
2999
8017
275
4851
8057
9947
5250
2568
3260
1627
2070
9720
7023
9807
4714
8133
7014
9533
3397
1630
2891
8634
6541
3509
9725
6661
2583
6029
6835
9298
2949
6157
663
2694
2676
3353
1897
3360
7933
2211
2071
8820
2895
5380
5429
5491
4494
3643
8733
243
1632
2897
1055
528
1378
4881
6676
5891
4314
9927
3792
5169
5186
9083
5494
2053
3397
8936
2320
7866
5075
9175
2931
404
4728
6173
7683
598
3087
6379
3965
541
5978
4169
8111
8590
6638
2037
5229
2809
3686
3743
7897
4131
8028
9557
6438
3735
3231
7833
3977
8237
3132
9720
3439
5934
8193
9718
1972
6648
6365
4518
4345
806
8252
3738
3403
8659
6156
4460
9277
5132
4762
3732
7341
4762
9766
1279
8551
9534
391
7013
3615
1387
2198
7277
1425
9106
9840
2519
6611
7288
8959
8118
6686
7865
8588
8837
2869
3503
2674
7287
937
7738
5373
2745
4426
19
8048
5782
1971
9301
550
228
4683
4133
3385
949
6574
5072
9664
4151
6782
7483
3314
826
3498
1419
7814
5859
5785
544
2026
5092
9731
3172
9604
3741
8278
4991
3886
2509
1286
9460
9911
8562
3624
6845
9521
186
8501
7712
6715
482
7481
7866
3796
3603
2422
2124
5706
5220
823
1152
1633
9673
5370
7618
1669
4880
8968
8792
252
5903
3008
8834
4912
4967
841
4987
4024
8774
2592
8106
1057
3841
4616
1768
4954
59
7820
2328
4576
7724
299
593
5316
8078
292
9541
9584
3413
775
4715
8127
3875
1994
7737
745
7768
7413
6713
6902
1487
2912
24
5821
7941
818
7654
4249
7061
5034
3466
5480
2376
2521
1732
9959
8544
329
4541
1067
1084
2091
9520
1319
9879
7296
8496
9610
2562
941
8712
5861
4075
3650
9844
8805
10
1621
1663
6672
3201
7153
5503
217
904
2775
4236
1547
5222
5054
5283
7109
767
1715
2815
4642
1884
9416
6104
5814
7538
8558
2598
5262
8616
6196
4843
7129
9711
4738
8080
7040
6859
9444
3950
867
7555
2003
5901
6692
2852
6580
6298
9983
7049
2529
6203
272
33
6850
2539
1009
9387
9712
6464
4270
4734
5563
2037
4213
1200
26
6489
2898
1211
4447
9264
4333
1238
232
5665
3720
9914
9833
6169
618
5421
5084
3178
1248
3106
8673
7531
5736
8097
3281
6502
646
1082
4026
6663
6291
6574
6378
8533
8986
8378
8170
9144
9057
6660
2993
43
4448
4830
7609
3248
3569
2199
7382
1496
5168
7589
7639
947
657
2516
7563
4248
5622
3140
2795
8725
1384
5181
1829
1893
5861
4952
9287
7133
4878
9931
8259
3064
9842
2312
4143
9630
9337
9976
322
3327
3215
8496
2350
8698
4240
7037
7781
7827
9611
1319
9614
1963
9347
6146
4323
61
8639
7158
6755
7985
7093
9736
8914
3700
1457
771
7672
5058
7292
8141
8614
1089
1783
2999
6829
6587
8504
4346
9745
8561
8736
1447
8515
5503
4468
8563
119
4213
4803
6401
2246
6991
2361
9821
7949
3200
8751
5848
8230
9925
7001
7209
7333
7463
1415
2296
889
9921
6557
6456
2745
5286
3804
2857
3443
2070
7618
7543
6251
7769
3824
8523
1929
546
5184
2032
365
2729
5533
2707
8048
6468
755
8515
5080
1205
2384
5788
3420
5796
9290
2221
168
9518
8986
7209
7787
9294
3499
9333
5185
4333
1010
6004
6791
1530
9206
770
743
7285
513
2399
8173
9987
3099
7526
4839
9761
9223
7562
3948
959
3217
8005
3990
1549
9943
1745
7291
7802
9980
768
9096
5199
3193
4416
8691
7237
7109
8662
5214
9523
3983
8326
6683
431
3295
6074
6756
2426
4605
5360
5803
2021
1420
8545
9645
4809
721
4097
2364
5120
7150
5136
8388
3558
8604
3856
3628
1115
1739
3304
1366
4556
1262
6139
3789
9646
5088
9844
552
662
4851
1021
6102
7346
9555
6348
3079
2279
1230
3384
2281
2528
9331
9959
7219
1563
1535
4148
3258
7653
3918
5388
9521
9315
2841
177
664
2
3022
9101
9260
2985
1734
1448
8946
4082
6554
9788
7497
444
4516
340
1676
3356
4480
8377
2596
4758
1135
987
3154
118
2965
9273
3092
3936
6273
1002
466
5189
4208
5005
7073
8890
5610
7789
836
5751
1947
7458
17
3838
5236
5530
8258
1981
1999
5907
8958
4476
1192
6798
5142
6842
7467
9886
8914
8279
9166
1874
395
7957
3556
4505
5695
3125
6593
90
7629
3876
1166
1592
7641
6286
5973
5069
4157
6580
1375
8809
9341
239
5472
4999
9352
5430
2624
5476
1454
2416
2569
9497
8399
3527
2296
2563
5518
9954
5950
4394
8882
7508
9236
5263
6340
9960
6883
8450
2069
214
9528
7995
5204
1407
3370
1092
6033
5351
1206
8319
871
3999
4446
4239
7752
6155
4242
641
9483
405
4401
3284
6204
1763
546
4389
6907
6509
5240
9245
4783
8130
2031
1715
7750
3490
3720
773
8852
1957
4079
4283
8086
9795
6044
9917
8626
1637
3058
8872
9270
6362
9999
888
7860
5621
5354
6820
2711
3306
8882
7152
1847
9140
433
2244
6314
4447
2159
8643
6672
2744
212
4881
5724
6228
86
1769
2908
9070
3836
4853
40
4176
4660
9098
7320
4676
7087
3668
3130
3250
8427
4763
5801
4228
1561
5463
6160
5462
3148
3508
5430
1449
2155
1266
3314
9661
7693
6951
6632
4969
2974
6408
2093
8658
1973
2524
8199
6554
8164
4046
3569
8555
7829
4272
9534
7153
1926
5958
3493
3527
6627
5064
8952
5418
6557
8501
1787
5781
6479
9995
4931
4645
8691
8303
8968
1960
4507
7028
824
2590
557
7958
3130
2963
9498
8132
9652
111
8533
1180
1946
7763
8656
7692
3739
4995
7370
5754
9349
2589
2512
9415
2639
297
3680
1054
4465
7767
5909
192
476
2809
8264
8029
6783
918
1435
7642
3701
9951
2185
8648
1038
4721
4974
8721
8243
1009
4646
2892
8983
6314
2190
4355
4236
6
8047
7692
6878
2593
3957
4942
8127
1507
6232
3252
3847
8354
1629
1237
5322
8306
3246
4832
8539
6436
6972
1764
5
7217
8759
7041
1792
2457
6488
1773
1309
4426
7815
4402
9559
6096
223
7861
2778
6587
6874
7244
437
9501
8342
9503
4904
3378
6640
9536
8457
2888
2668
7061
6085
1043
1002
9534
1522
9709
6127
9723
608
7663
6875
5839
701
717
9039
3425
3702
1548
265
1890
6058
1569
8285
5731
6590
6611
8718
272
2120
516
5205
3714
7095
9538
1358
9433
2537
8795
4195
7184
8858
2575
1971
479
8075
4634
327
7231
7460
3466
7125
3795
77
9730
4139
6420
6147
401
5842
1890
3796
6529
2663
3143
948
6103
7989
1677
6666
9538
6219
9502
6376
6120
1759
3487
3931
1929
9851
5938
1760
5747
4071
7986
3498
4725
8093
761
7019
4075
9371
6465
4039
5535
4303
3435
5667
993
7758
4033
1047
3994
952
8503
2627
9961
7952
5711
680
4421
7434
5288
1826
1362
6994
2116
5678
8790
7524
8936
2842
2825
8738
2511
6089
6681
998
9336
2457
8628
8050
3285
1858
2264
2032
6253
2035
4211
2880
8318
3277
6656
3612
4157
5324
3276
5230
7562
7354
763
2271
1811
7879
566
80
3565
3377
3535
5927
2518
5014
2192
5718
1022
4044
9241
3867
1434
6368
3989
3472
2740
7921
1038
4883
687
8279
9553
5048
4070
4659
4241
8465
2586
8028
4639
5618
9942
7538
3884
4155
819
6026
8375
3580
2887
6494
2899
1851
1122
6120
2824
8750
3594
6848
5008
5872
2419
3136
7760
187
1539
7704
7365
4359
1026
6980
9200
8812
1715
3153
3786
8271
1884
9650
8944
109
3304
1796
8074
4364
5348
1792
3821
6331
2677
9562
5565
4580
1665
9614
8528
5733
334
5706
71
7811
1228
8079
9315
3024
9066
7930
3846
7930
3132
658
7209
2310
6517
8099
8189
442
878
244
6767
5192
9743
7400
5813
2252
1393
7563
4970
8906
6176
9803
5178
3547
4841
5046
3638
5666
6538
2260
6129
8041
2397
9215
6449
3437
6738
6533
888
7062
2510
7472
3738
2769
242
8008
7733
3167
6690
9801
1414
6018
1983
2042
4627
2515
2022
453
328
5508
9006
8281
1760
7043
2670
8413
5441
368
8993
7104
4576
5450
4161
2548
6981
5418
5106
2592
4863
2174
6081
5352
1726
7100
7334
6561
2393
9856
268
8590
500
6479
9145
4818
2053
9521
9938
4685
5285
3363
1058
2482
1238
6939
1863
2106
4746
6047
5090
7004
4734
5557
9361
1290
3690
1648
3969
7723
7240
7570
1148
984
3610
2180
5265
8647
3577
8052
8134
9864
2144
2558
8447
7357
9864
6250
4033
2196
3753
5713
4685
4490
8541
6515
6953
1212
6560
1389
6514
982
5011
8803
5597
9690
4883
3078
7193
9559
1065
9689
6665
7981
6066
1821
2636
9064
9070
2338
4419
7405
627
6791
9852
1465
9858
6516
4277
4630
1190
7263
1471
5891
4448
6729
3332
8713
8963
941
8027
2591
1370
3666
8253
4526
9035
2658
4211
3238
1359
342
4365
2221
2111
1026
2502
8469
7879
7928
4206
6439
9376
4849
8377
2082
5998
7732
5678
4086
7436
1986
8667
3190
7737
3908
5328
6224
9164
2367
9944
8338
5891
164
8365
4570
5452
9555
9122
2163
7342
9401
815
9933
3974
9785
4135
2230
6369
7014
4526
7747
1521
7273
584
799
2639
154
4845
465
6533
2640
9896
9765
4155
436
6511
5690
6863
7339
1176
7525
2881
8427
5873
8158
963
131
7489
3037
7395
371
949
1336
8157
5343
633
8072
2597
6120
4327
6361
6666
6676
8384
8559
4170
8567
1876
9386
3970
9915
2394
2294
6178
924
6181
8681
7493
9967
1924
1334
5736
4722
2408
4595
1980
3322
84
7755
3516
9752
4010
7577
9311
9381
2904
1780
7486
2982
9973
5022
3177
4576
8838
9818
1047
1909
6013
3804
3104
5802
7252
8896
9575
6439
14
8597
4398
888
7541
7967
6740
1945
2352
5431
773
7030
958
2789
2497
1449
9049
1056
830
3506
7633
5650
1718
1410
526
1189
6338
9319
6143
7129
7717
2979
3186
6263
1672
2414
4727
3156
1434
3553
899
7396
3491
1072
6699
1283
853
9917
5435
3913
6227
873
6523
2050
892
4647
248
8972
9366
8776
7019
5543
1261
8157
4862
454
7542
3534
8611
3448
9270
8840
8336
1675
8452
365
3764
7440
2385
6553
7181
8858
8337
1416
3048
4735
9477
2546
526
3920
5209
9722
5326
9261
4412
5278
6299
2395
5241
9673
1855
1476
7971
3561
8576
9346
9071
520
1034
6709
5835
4043
2676
2436
7846
2954
5317
2669
6247
6455
9493
1680
8587
6323
3347
6555
1719
2121
9426
1641
5100
831
7281
4721
3144
3563
6783
805
490
570
5787
7899
2643
4759
3527
7789
6527
9780
7421
9567
1848
8077
5607
647
1852
7895
1845
6275
6328
7490
6836
7572
8949
4168
9246
5975
713
4163
7513
5685
7161
6512
965
469
9574
9136
8164
7892
9510
8028
4999
3203
8613
3513
3997
9786
5362
6455
6548
1662
1528
8225
2283
7407
9250
7086
5266
7952
5778
2473
5763
9874
5519
7341
5355
4074
7980
933
3521
9281
2133
8427
532
5092
320
4383
1595
2108
2916
5826
3159
1709
5223
8871
95
8759
8233
5836
6513
8524
8130
1859
1078
6736
6725
2591
5471
7758
3907
4430
8466
3113
6152
2148
486
1633
4120
5081
3844
2175
8006
9597
2197
7262
3224
4793
9752
2294
8973
9466
9826
9478
4928
284
1333
3202
8525
937
3012
2524
7740
5665
9669
5713
8200
1732
3528
3585
8920
5467
9574
9784
3901
3217
7330
8770
1710
5074
6080
1986
2351
7149
2847
8683
9061
9497
499
1291
4224
5295
9220
5506
6503
4946
1027
6454
839
5508
2744
3826
1775
3899
1529
2842
1796
6180
5892
1027
6387
1470
4305
8475
6681
9327
7607
914
1239
1985
3750
9227
5482
3187
5982
8099
1742
1657
326
2004
3085
7110
5726
7666
3951
706
5677
5850
2409
6388
4829
763
8745
4336
9551
2097
3231
4829
264
4782
5570
3789
6259
2849
2587
4380
8811
6943
1765
7221
5940
3504
1689
9030
7494
4785
7968
5930
246
1208
5153
562
7926
5840
424
8959
466
9426
5413
1663
8625
149
1587
9348
1904
142
2157
9220
4563
467
2174
5423
1924
3734
2396
6997
1535
7045
5443
6585
7835
5992
9168
5348
5786
1118
5022
5299
4289
8363
2625
8886
2644
4727
8365
5454
9663
6555
4222
7812
3565
7172
8413
8002
3749
509
839
32
5560
7945
21
1546
8920
6128
7032
9561
5688
2059
98
5215
9487
9415
2327
1603
4557
3497
3491
9999
6405
6985
6824
7405
3473
5278
3589
8985
3029
4560
2899
1854
3139
4161
7169
5063
8358
2208
125
9925
1183
7009
3475
873
4970
3112
6563
4211
7828
4387
7692
9611
9897
2850
6674
9933
2981
1019
5411
6708
7097
8417
6590
6207
416
9915
4641
4355
3444
1460
3655
880
227
8201
1772
4579
8804
8907
4454
2784
195
327
1246
7136
6507
2884
9540
3454
960
6760
8036
4924
1284
2943
4745
5689
9878
522
7493
1189
3834
4411
2842
6284
6483
2013
4395
5180
9065
5997
804
2346
76
5913
384
5333
7423
7808
6863
1600
7565
2623
3887
1334
1204
6393
9220
6702
4286
5195
9253
1074
5443
9323
1030
4187
1198
5885
9116
1864
9657
2730
8266
3580
2071
7212
2132
3631
7618
8278
5907
8225
4212
3414
3596
3120
4269
4722
1836
2401
6890
3085
2802
1576
1160
7632
9997
4237
2477
4922
6049
6739
6119
1099
8947
6022
6754
5206
1514
2773
1055
7097
6068
8364
6277
9704
7784
2287
4800
4801
1645
1146
4335
3280
7125
5079
6094
8955
8075
3362
7793
1311
2187
3296
5937
4657
2163
4936
4076
8231
4513
6424
3912
9555
6126
3171
2051
5552
8871
8521
5797
7701
1894
4069
6385
3030
1879
5501
7836
3217
2844
5748
6789
4525
21
2102
8384
5754
5550
2850
6688
4829
6464
4119
2942
5413
6939
9446
2578
6318
9081
2845
5307
5423
8584
7491
1856
43
352
9586
9549
6649
7170
1304
8832
1650
9878
8082
5195
2743
3532
4329
8815
7866
9330
6585
7103
6411
5915
6910
153
917
8899
5617
7448
2485
9829
673
4137
6929
4837
5158
4978
9621
5790
1248
9200
4905
3035
8983
7847
7157
2076
2082
6163
3532
91
1646
57
5599
5645
7112
9107
2477
894
8599
8574
4221
7118
8643
9832
5532
6219
591
4140
6076
4658
9703
8200
2427
1883
1036
2824
5627
1233
6590
7891
249
6830
6409
8976
1070
3771
6572
6583
4618
6821
5108
4502
1634
4609
7454
2044
4149
8456
4650
7600
538
4275
2089
609
7333
6739
5307
3430
9906
4263
785
706
6060
2258
1707
749
919
2582
133
5249
65
3257
1151
330
692
12
366
3543
4788
1771
5781
6360
9502
2661
8306
2469
9067
2526
1955
1570
4893
2389
5677
4899
6097
5787
3148
7156
5885
5645
6134
7273
9889
2628
6339
2601
2260
450
9081
8617
5063
9132
7880
3238
7892
7126
3213
6883
2666
2549
8815
9395
5573
9839
6939
1271
3208
2953
9810
8444
3110
1745
8833
3735
1995
1658
3486
4173
5211
4296
5493
1745
6173
727
8961
9767
3310
6587
9539
2200
837
595
912
5701
2375
7742
4691
2708
9941
8231
6521
521
8945
8152
1877
4748
5367
3745
7893
9443
9107
8153
521
9793
1674
2380
22
4468
9661
313
2329
7104
2747
8739
2021
6065
5815
8790
6612
4739
6208
2457
5297
4322
8559
9443
5417
7221
9500
5952
6304
1733
7744
9251
4425
4041
1289
7236
5193
8176
596
3320
9512
5475
2038
5350
8797
4804
7791
5700
6043
2393
9179
3499
7724
7915
220
5106
599
9861
2484
5043
8989
353
3818
1433
2469
1749
8217
7993
4526
7655
2953
6531
8851
4267
8066
5713
7877
6667
1263
6964
415
3288
1319
3352
5742
4382
8550
4871
9838
7058
9290
779
94
923
4472
1260
8187
2518
2978
768
9419
3066
8767
6691
3881
370
4019
7133
1570
8704
866
7292
2511
9201
5554
2331
6427
2409
9300
8699
8315
7787
9792
3402
9343
3637
4698
1540
8853
6514
298
2166
8140
5127
8610
5492
4761
4626
2746
5120
6378
570
2812
8120
5505
8657
6154
6199
3889
8725
2838
5887
9492
9071
4473
5879
4480
3106
370
4144
2426
5814
5344
4467
5998
9581
8023
1057
4595
7027
4250
1798
5363
267
4548
3784
8487
1003
4008
58
975
4179
1451
1406
5671
4097
2015
5763
6197
1495
2014
2991
8443
4035
9966
8447
5644
1522
4575
4257
4809
2451
1738
6912
1658
7095
1387
5375
6011
1782
6966
9507
6857
7596
141
1621
1148
6904
7696
8397
3004
5373
6602
8374
4480
2459
5740
7143
4094
8912
4427
5345
2670
9730
8060
9531
9834
4349
3758
2373
6715
1981
9295
4704
6724
3771
1259
17
4255
9823
1277
6178
9233
1087
1116
238
9168
6236
2772
8922
7540
5614
9995
6060
3699
6964
3631
3067
5243
5969
3670
6708
9630
9741
4539
9811
528
9411
3167
8504
4390
4576
3772
8292
515
5847
1812
5655
417
4263
5048
8288
1722
338
3628
6909
1812
3101
3751
8773
5872
4120
4083
4283
7912
6708
7820
5006
3773
2612
7090
7939
6963
426
3129
5417
9352
5342
5513
5503
8999
2557
1457
3505
3416
9582
6
4806
1385
7669
6884
1619
9501
4615
1840
2552
7551
8546
3325
5169
7971
9904
5286
2037
493
3285
7294
8706
3264
730
7837
5537
3409
3804
5174
1085
7375
6289
2411
4280
9335
9237
941
3857
6349
476
1418
80
6575
488
2016
6645
9293
3709
8057
4541
1243
3405
2541
7748
2389
6513
7178
4060
6143
2082
6742
7384
4852
9205
5685
2195
4220
1140
4974
7796
7589
8261
140
6111
8838
7358
599
2913
6366
7108
330
5562
7532
8888
5398
5385
8392
8014
1877
7704
5192
1969
2998
9209
6982
7994
3838
8254
8975
1143
7458
2965
4016
1626
4113
7122
5296
3868
3518
3758
540
2711
6941
7485
9111
9716
4273
6411
7044
2248
5351
9671
5082
8529
3695
2789
4818
1027
89
9600
7339
6027
8352
886
3081
6436
1960
7710
2291
3508
6509
5084
8439
5983
8038
9530
467
5939
1082
2849
7179
1888
4631
3313
9676
8056
8375
6222
696
1172
838
8843
9148
2600
6571
4648
4820
1692
6350
5083
7700
5531
9359
8867
4705
9869
9784
2938
1627
3187
1055
7105
7608
5412
9194
3057
1962
6366
3421
2119
2376
4105
2693
5988
8589
9354
599
2910
1172
7178
1287
4639
1598
4407
6020
746
9490
5389
7567
3300
9862
6951
9297
2558
7325
5486
2202
9518
4950
1045
7234
5320
7290
377
8387
2657
8075
5060
1665
1048
1616
7284
7547
1252
8687
7838
1438
2582
2237
2411
2840
8835
5579
1995
2661
9684
2285
796
3075
2257
9666
899
7535
2640
383
6179
5779
6814
4200
817
9356
5648
759
9071
6732
4871
6758
3714
9476
7383
1406
7262
9495
516
8803
4856
6586
5245
9372
1728
8360
4652
6181
4832
4729
9488
7977
2875
8951
2542
5549
637
3592
9677
8092
495
8305
5695
5236
8473
476
5910
9373
9634
8486
4523
1708
2269
3692
727
570
2995
8980
719
7505
7583
7822
704
73
5323
9438
9188
1126
6625
3432
3754
4699
3597
4356
2391
9814
3630
2981
1404
909
6903
2243
988
9461
6076
8384
8276
6037
1060
4257
7593
9969
5277
8115
9013
9481
9474
7703
5786
1783
7094
6555
8811
9028
4604
7145
7771
143
5539
9116
8084
4728
3072
3295
3784
3453
1412
476
9865
4139
4340
3761
4991
1506
2162
7380
2771
6115
510
211
4830
1502
5698
7867
3628
7246
8547
5692
659
6061
1517
4888
4210
5053
9179
2055
6888
1329
8722
6814
7461
5973
9315
5029
9007
1598
9606
455
9717
490
9322
7110
8476
6722
5918
570
9097
6580
1524
9806
6097
7845
8298
4059
3939
7389
2607
8201
8495
2028
3813
2616
7625
4831
9819
375
2335
3641
492
5340
814
7356
2257
3146
7414
799
3524
7592
113
620
9888
6823
6320
9552
8363
2796
4261
7780
5306
5227
1075
2192
8947
5247
7500
4595
8847
8574
9907
9826
4249
8604
3675
5899
4686
8821
8893
6101
7380
4470
824
2319
7158
4058
7852
1690
1595
8554
2819
291
7512
5429
1040
8471
7482
8056
4034
1646
4602
5339
7822
9638
1261
659
8912
844
7879
6115
5714
7836
1738
8515
1207
8549
8367
6815
6423
4289
3839
3707
1335
1172
3932
1827
1501
3884
2802
5028
3825
41
9196
2455
6580
1075
5809
681
8988
2927
8329
1152
240
9726
8677
9519
1246
817
6488
2407
7728
9557
3268
818
8378
1981
5927
488
3007
4839
3399
8781
3542
4024
5435
5758
8522
8609
6954
9003
980
3569
3361
2816
9595
5187
7098
6413
5907
1492
9786
4029
959
384
637
4030
7824
3063
8132
2402
9112
1275
8539
3454
3321
4226
788
9165
7906
7262
6408
8088
582
7873
3921
970
6731
6732
6546
5549
5088
2695
978
1506
7325
993
37
856
9417
7614
749
9433
3453
9762
6620
7033
7806
3953
4218
6719
8246
4904
8205
886
7762
278
8497
2293
680
2165
4297
1321
1097
4854
9407
5214
9813
6721
1729
9177
8714
713
6705
7629
7441
5722
7481
5260
6093
8666
3374
5227
7990
8829
1517
8242
2535
4522
9969
1301
4335
3674
1068
8131
8087
7620
1221
4686
2050
4933
6667
6840
5602
7783
8172
2544
7587
3109
4545
3647
6110
2894
2213
6241
8372
2712
1606
1440
9485
5900
8577
9401
9464
8415
3438
4616
4695
3253
5064
4055
7941
1006
5511
9570
3346
2708
6018
5702
2978
5720
1945
1592
513
2575
482
4513
378
9115
4201
6459
4927
2320
5360
9530
3568
2892
4003
3127
359
5128
4377
9414
7000
8212
8231
3907
9937
4522
1600
388
8920
8911
4451
6322
4070
418
7484
1721
1109
4244
922
4749
2030
842
1131
1710
4533
1158
368
536
1116
5702
2288
3182
2536
5016
4521
452
7511
4451
1985
1798
997
1865
3113
162
2555
4610
1427
6988
1364
1968
5632
3125
5466
5975
5667
8182
9486
9397
4918
6712
1146
9199
4161
8133
2124
6904
8680
6318
5094
3810
2448
6778
3187
173
7755
9479
6309
8513
4944
7207
3410
423
782
194
2218
3720
2313
4649
1640
3205
5572
807
2565
2326
3268
3153
6426
9954
8579
2355
2669
4875
7071
7974
6920
6663
7110
8578
5630
962
2864
415
4821
5867
6762
8925
8674
8744
7475
6428
6148
515
6373
2997
4378
5696
7800
3677
8529
9191
3885
4346
3654
7145
8670
8729
8016
6887
7384
8026
4619
8456
328
3475
102
7919
3250
6723
5924
7420
381
689
1191
572
2335
3275
3154
3064
2150
3244
6245
2980
7369
6347
8000
9375
9140
3647
3376
522
7546
8727
5493
4545
5297
6558
3169
2962
7484
6054
5475
7716
8879
5584
9042
9238
7249
1995
773
8768
794
6908
3700
9577
547
4401
4392
5436
7058
125
7098
2858
4233
607
4518
1567
2868
9017
5908
3873
159
4962
4251
8987
918
8469
9273
9001
1790
1252
1330
274
8510
1966
9459
3297
1715
1191
7203
6651
8217
4622
4267
1270
8442
7560
3611
1242
1025
3955
2873
1180
1215
9556
4121
1406
316
6025
4255
7109
1057
6198
9504
4257
2693
5700
5882
6943
9492
8105
8034
1935
689
4100
1764
8004
8545
4556
183
1404
544
6232
5737
7134
6974
5710
3654
6813
7147
6218
1106
7797
7969
1693
7025
3688
6325
3703
892
5852
908
5088
4346
8531
3474
3762
5146
2292
4544
9499
2699
9014
4802
2067
6676
6084
8524
1224
8059
6910
661
6516
8796
1822
173
1851
931
3711
4185
3300
8571
6727
1921
879
7632
3339
3312
7585
929
2535
6344
140
9395
230
1975
956
9598
6313
8877
3701
4396
6702
4664
8359
5137
130
7285
418
3230
7292
3220
5678
7927
1381
9496
732
7159
4843
9104
6251
6428
8875
5083
4405
9222
1810
5792
3620
6916
7409
7980
8107
3445
3531
8141
977
8722
5178
8725
5657
5278
6131
4802
5485
7063
9846
3287
7250
1019
5437
661
1658
1546
2508
7839
6857
9554
4996
871
6024
3824
7071
2545
5148
2832
9042
1238
4982
7431
1703
1009
7711
7304
8722
8594
3685
5260
8371
135
5833
8316
6956
6113
5727
9321
5610
5892
9637
8716
1903
9576
8767
2856
205
9524
3100
2359
3938
6876
2639
6233
7722
4438
3823
8685
3851
2923
5731
9034
1332
7756
7085
559
7787
8884
9865
9391
586
2553
8880
6022
9134
7503
7202
605
5924
305
1850
4577
5485
2978
3984
1977
2315
3103
3114
9943
9482
9344
8903
5854
7293
9106
5308
470
1503
7938
6410
7379
559
6904
7872
7161
9484
8958
727
8894
835
600
3566
4875
1728
53
994
1821
669
8526
2644
624
2772
6016
6490
2630
5408
4130
9595
7811
319
9450
4481
70
8576
8697
5683
102
1125
733
1881
3329
4368
1830
6350
8983
4594
1755
8278
6584
3559
6503
3172
4422
9721
8762
1137
548
4652
3521
6117
5548
8509
164
377
6064
8848
9851
3032
2554
6938
9733
8805
6839
1435
2739
608
1408
8665
2649
6916
5288
7818
1503
2982
4612
8579
6611
1956
1287
3364
6391
2413
2957
9360
1701
7414
4956
7085
9780
5042
7373
1554
5847
6404
2813
237
9751
4911
7948
7840
9864
3228
6648
8726
1321
4570
1360
5251
4960
668
40
6570
5978
5426
5506
7417
2318
5580
3262
5383
256
274
5793
7064
785
6903
3567
959
5560
5595
824
9141
5700
992
6465
3745
9768
9540
8015
1881
9519
4282
986
5385
7255
1030
5963
1357
4786
2504
2753
8937
2490
2828
9831
4040
8204
6575
8527
6310
8564
6188
77
1901
8222
3314
1065
4115
5619
2361
6949
2306
6587
6551
1712
6722
9639
7213
6726
3712
6684
9253
2183
7446
3653
5595
7255
1489
2956
1450
666
8723
5772
6243
2280
4202
3218
62
349
5294
6368
8572
5273
358
563
1840
4623
2065
2481
9428
7063
9613
7602
6854
8817
9160
7569
498
4154
4862
5897
3264
1298
558
5605
6149
1065
1249
9321
2444
3353
809
2411
6665
6739
7918
6502
6173
923
3090
1546
5137
828
9527
109
7723
3005
5442
8655
8080
8343
863
5952
268
1212
3671
9229
2629
363
7204
3018
8783
7792
5224
6838
6661
1929
2493
910
8205
4357
2580
1073
612
2947
6383
4184
5932
9089
5833
8491
8324
6771
9578
3307
5030
8070
5394
7104
1812
2582
7913
2910
2761
9495
8280
6322
7128
1714
1074
8436
3302
8278
517
1031
9244
7924
4758
2218
9187
2654
5524
2486
1835
6525
3088
9476
1904
2711
2711
782
8189
8327
4267
89
3445
3156
8829
9066
9565
9446
3707
2125
3379
3216
1747
4638
1760
6120
1855
3447
7688
8729
1253
3303
6485
510
6345
356
5282
4869
8089
3763
2425
2342
9801
3535
3660
9641
6908
6337
7852
3988
7937
8994
8452
6913
5077
9404
6011
5509
4368
3313
5845
7843
2755
2708
2925
4877
1146
1517
2920
7731
5321
7641
783
9107
4815
4748
8499
5272
7135
3596
3794
4877
2606
1137
8624
5492
3038
1841
1415
2259
8680
6407
1213
4353
2926
5984
6445
4136
7318
8350
365
7443
8605
4797
1216
8209
5321
2780
5684
2795
1135
3702
6808
8145
8580
8685
9885
271
6863
8428
5114
4809
1521
3936
3075
7035
1063
1616
5008
4843
9274
577
2588
3547
603
9399
7087
8685
7407
3278
4827
3582
2083
5023
3400
2595
6750
7384
7579
9970
8164
9112
3009
5114
4416
1148
5478
3218
7927
1762
6789
1768
6409
7601
1008
4912
9813
9218
2460
9652
2793
6479
9408
6054
3886
3659
7117
1902
5780
1692
858
6333
409
1164
2921
1351
6727
5180
2489
3649
89
5468
6166
8635
1417
3523
3825
4182
4150
362
6348
2506
453
4769
2777
8432
1645
6975
2508
977
9973
8365
804
636
6040
7021
5124
9763
91
1229
6688
8215
5831
238
3
7988
3249
2873
9415
4294
7335
9340
4097
6552
3195
6111
1441
4160
9919
2866
1040
2500
1026
5363
210
1012
4928
1405
7776
1027
5208
9111
6761
7930
8654
3062
9014
913
7653
8870
7539
2041
4750
3315
9911
3356
4045
2608
759
3632
300
5142
51
8206
4238
3740
5325
3023
1820
1119
2934
9029
7400
5600
1409
3625
3774
8579
6282
6491
2829
9978
1295
8262
5983
3107
6957
4888
128
3452
7896
5645
5283
6256
1854
639
3412
5308
3428
1290
6850
6388
8430
4860
2466
2254
3517
8126
1474
1694
2660
2133
3067
1692
9490
2039
676
5579
2205
8100
4033
2686
9575
1448
5870
518
7789
9492
9003
7607
4447
7089
7239
1412
7020
6845
8012
3885
9234
3263
1498
3614
9868
9126
9322
3956
8554
567
3293
8308
3579
3805
7639
9001
8285
192
1620
1003
4611
3686
3756
6126
8602
3958
1513
7930
2592
815
4975
6574
3876
2273
5369
3
1135
90
7008
3287
9366
9863
2157
1074
8505
2455
5957
6038
3180
1653
9987
7888
5709
6630
5469
4553
1537
1162
830
3352
2571
4530
3173
9052
1879
901
897
4495
2974
460
6258
4607
1186
9395
9130
4176
1941
2672
367
893
2319
4733
9654
5940
1564
331
5236
5898
3551
4010
7452
9007
9106
9896
671
9969
9116
2859
2361
4282
6594
5208
8465
5592
9258
6539
4785
4549
4748
1191
9792
9267
230
4305
2166
2715
3544
7526
927
7442
377
6278
6377
7990
4141
2714
5666
785
1105
4494
7840
2264
5327
2857
5825
7538
7562
2378
8083
5000
5718
5696
1014
725
9645
1579
14
4123
4417
8071
4211
1622
4517
1564
2775
8455
3596
5689
1883
4464
5687
257
5670
2035
331
6047
9475
7730
3413
4693
8549
6345
3852
1282
7387
4946
438
1660
6479
1012
1835
7862
575
6716
8586
5135
4867
361
4827
5512
4929
2601
8464
4522
7354
255
4398
5022
5731
1766
5331
363
7688
6702
470
4350
4238
1496
4385
880
5795
3215
509
8435
2893
6378
3180
3737
8818
644
8210
5506
9533
8967
6219
9334
4593
9773
91
1697
744
9759
2386
3918
2242
9536
2072
6818
2198
785
5892
8265
9290
4389
4742
6059
1318
8069
4580
9825
1280
9842
5849
9469
5844
9973
2498
8883
6608
9887
266
6166
6953
1509
5857
7807
4640
5970
2653
8258
5722
247
9123
8073
6245
8810
4609
7395
2989
1478
9507
3910
5802
1026
1332
1979
1999
7789
3529
6300
6553
2862
9530
2569
1483
2743
3103
281
2726
7551
2174
2297
7050
7354
7350
8944
6628
3891
1193
7369
8664
8081
9227
2603
7809
373
3361
7432
6521
3093
6906
2191
7350
223
264
4709
7769
4230
5171
7639
1216
3134
8103
2178
8302
3812
9211
1295
9312
798
8540
5010
8531
6263
7934
5107
4209
3281
2143
5988
4317
9
6613
3519
2325
5790
5426
2655
1379
5360
318
8437
1222
5406
2689
2468
3483
3908
4525
9954
3902
465
1999
715
423
7275
2585