1
10
11
17
19
20
25
29
30
39
49
57
63
71
77
79
80
83
88
94
101
110
116
126
130
139
140
149
158
162
166
172
182
188
189
190
193
197
203
208
212
221
225
235
237
242
252
253
257
260
266
267
274
282
287
296
306
312
315
317
323
332
341
344
351
358
360
363
367
374
376
379
380
390
398
401
409
416
426
428
431
433
438
448
456
457
464
474
480
481
490
496
505
513
515
519
523
532
533
542
552
556
565
572
578
588
589
599
603
604
613
615
623
628
630
631
632
633
636
641
647
657
661
669
674
679
686
691
694
697
701
703
706
713
715
718
727
729
734
744
748
755
756
760
770
779
785
792
793
798
806
811
816
826
835
841
849
858
865
871
881
888
895
901
903
907
916
919
923
925
932
934
943
945
955
962
968
972
973
979
987
996
1003
1004
1014
1015
1020
1022
1031
1037
1045
1047
1051
1056
1059
1068
1072
1082
1087
1093
1098
1108
1109
1117
1122
1131
1137
1147
1149
1158
1159
1163
1173
1181
1184
1192
1200
1210
1220
1225
1229
1232
1235
1239
1245
1248
1255
1262
1266
1273
1278
1288
1293
1303
1308
1311
1318
1325
1329
1334
1340
1350
1360
1363
1372
1378
1386
1393
1395
1399
1408
1418
1424
1429
1438
1445
1454
1463
1467
1477
1484
1485
1491
1494
1502
1512
1521
1527
1529
1533
1540
1544
1552
1557
1564
1566
1572
1580
1582
1590
1598
1602
1604
1605
1610
1612
1618
1619
1624
1631
1638
1643
1648
1653
1662
1670
1680
1688
1693
1697
1700
1703
1711
1715
1724
1732
1740
1742
1749
1751
1761
1770
1780
1787
1797
1799
1805
1809
1815
1816
1825
1829
1833
1842
1844
1848
1857
1862
1870
1875
1881
1885
1893
1903
1907
1908
1917
1925
1929
1939
1949
1951
1958
1964
1973
1982
1983
1985
1986
1996
2001
2003
2012
2018
2022
2029
2031
2038
2045
2053
2056
2060
2063
2073
2083
2087
2092
2102
2109
2110
2116
2122
2128
2132
2135
2141
2142
2144
2146
2155
2158
2166
2171
2174
2181
2191
2194
2197
2201
2211
2219
2220
2224
2226
2233
2238
2243
2250
2254
2255
2263
2273
2277
2282
2291
2299
2306
2313
2320
2324
2327
2328
2338
2340
2345
2351
2361
2365
2366
2370
2377
2386
2387
2390
2397
2402
2412
2422
2430
2436
2437
2443
2453
2458
2465
2473
2474
2480
2482
2485
2489
2497
2506
2511
2514
2519
2527
2535
2540
2547
2557
2565
2575
2584
2593
2598
2602
2605
2614
2624
2632
2636
2638
2648
2651
2661
2670
2680
2684
2685
2686
2695
2701
2708
2709
2717
2725
2731
2736
2740
2746
2755
2760
2763
2770
2779
2787
2795
2798
2805
2812
2818
2827
2835
2843
2851
2855
2858
2860
2868
2871
2874
2879
2882
2890
2893
2899
2906
2907
2914
2924
2933
2939
2941
2942
2950
2951
2955
2960
2962
2964
2972
2978
2987
2994
3000
3006
3010
3018
3023
3033
3041
3049
3059
3061
3069
3071
3073
3083
3090
3099
3102
3105
3106
3112
3121
3127
3133
3136
3138
3147
3154
3162
3171
3172
3181
3182
3191
3201
3202
3212
3213
3220
3228
3236
3242
3250
3257
3267
3272
3281
3291
3298
3306
3309
3314
3321
3326
3335
3341
3343
3347
3354
3357
3358
3365
3366
3369
3378
3380
3385
3390
3392
3393
3399
3406
3407
3414
3419
3425
3429
3430
3433
3440
3444
3448
3455
3463
3468
3470
3473
3474
3482
3492
3502
3508
3515
3524
3530
3532
3536
3546
3553
3555
3556
3563
3565
3571
3573
3581
3588
3597
3600
3608
3618
3624
3634
3638
3639
3642
3648
3650
3653
3659
3668
3674
3676
3681
3688
3689
3690
3693
3700
3702
3703
3712
3719
3725
3733
3738
3748
3749
3759
3767
3770
3774
3776
3778
3783
3784
3787
3796
3801
3810
3818
3821
3825
3827
3837
3842
3846
3852
3857
3863
3867
3871
3872
3876
3884
3887
3895
3898
3903
3906
3908
3917
3924
3930
3934
3942
3945
3955
3962
3971
3974
3979
3987
3989
3994
4001
4006
4008
4017
4022
4024
4027
4034
4040
4050
4059
4069
4079
4084
4094
4099
4108
4113
4122
4127
4136
4139
4148
4150
4155
4158
4162
4163
4166
4169
4173
4175
4178
4182
4190
4197
4207
4215
4221
4223
4227
4237
4242
4245
4246
4250
4251
4261
4265
4274
4280
4289
4299
4308
4312
4319
4327
4330
4338
4342
4351
4361
4370
4372
4381
4384
4387
4397
4403
4409
4419
4424
4428
4431
4433
4440
4442
4449
4450
4451
4455
4457
4464
4471
4478
4482
4491
4501
4509
4519
4528
4535
4541
4542
4547
4556
4560
4561
4569
4570
4579
4587
4594
4604
4614
4622
4625
4635
4645
4646
4655
4659
4667
4672
4673
4676
4684
4694
4703
4712
4718
4724
4727
4734
4737
4746
4754
4762
4765
4773
4774
4784
4790
4793
4797
4804
4805
4806
4816
4819
4821
4827
4828
4835
4843
4846
4856
4862
4867
4873
4881
4882
4887
4889
4897
4903
4905
4913
4922
4925
4927
4930
4936
4945
4954
4961
4964
4967
4976
4983
4993
5002
5003
5004
5006
5007
5013
5020
5021
5024
5032
5042
5046
5049
5055
5061
5070
5075
5085
5093
5097
5103
5112
5113
5114
5119
5123
5125
5128
5130
5135
5139
5143
5150
5159
5169
5172
5175
5180
5190
5196
5205
5214
5217
5225
5234
5239
5245
5255
5262
5270
5271
5274
5283
5285
5289
5294
5300
5308
5315
5321
5330
5337
5339
5348
5356
5362
5364
5371
5379
5383
5389
5393
5397
5399
5403
5406
5409
5413
5422
5431
5436
5440
5450
5459
5468
5476
5482
5486
5491
5496
5498
5500
5508
5513
5521
5525
5528
5533
5540
5550
5552
5559
5568
5572
5581
5583
5593
5599
5608
5614
5624
5632
5635
5642
5650
5657
5661
5671
5674
5679