34
542
604
231
813
42
266
10
849
81
4
801
853
304
692
268
327
681
401
302
265
356
726
565
157
305
791
376
683
949
378
296
575
505
742
111
895
323
591
623
475
643
342
71
99
952
748
98
541
673
246
871
533
642
684
749
269
920
23
560
73
630
879
464
553
970
834
484
679
592
823
521
966
556
418
820
518
497
973
392
19
146
963
857
393
570
783
371
748
10
562
133
10
879
74
649
133
613
234
770
675
368
214
982
659
304
365
83
25
464
378
574
582
264
33
849
55
584
617
543
869
37
502
156
130
109
822
196
936
705
298
130
41
968
279
168
8
10
888
114
15
95
450
632
458
927
321
459
897
258
759
457
330
41
251
673
489
29
843
494
552
387
900
316
899
805
857
182
296
863
780
849
902
637
33
633
766
438
636
622
84
925
754
145
83
556
592
552
217
513
8
718
218
718
649
383
75
388
819
268
485
747
875
40
268
952
931
522
467
623
92
293
156
535
627
360
743
50
471
475
819
91
428
19
399
918
262
518
504
629
307
520
977
795
716
344
851
68
398
15
387
546
409
455
636
485
469
465
234
750
959
490
606
666
80
336
182
857
645
317
847
251
478
408
649
261
450
378
339
991
410
108
977
195
332
106
664
733
422
16
690
618
628
975
99
849
133
518
297
697
805
180
254
159
813
627
986
814
736
849
648
561
94
351
272
762
862
24
744
289
243
495
782
598
710
425
60
210
363
567
341
254
278
81
539
676
90
824
832
25
62
291
101
836
720
971
387
472
878
634
89
238
94
123
292
564
369
862
100
142
553
948
217
165
893
458
721
622
393
570
721
502
42
946
146
904
88
948
284
293
93
745
423
795
866
749
261
534
97
29
265
370
932
478
715
920
388
810
189
635
663
250
210
614
726
293
748
318
517
493
559
218
807
440
610
549
943
271
19
118
888
768
197
888
917
833
405
452
746
418
644
990
717
676
719
729
851
631
308
146
716
897
355
361
271
135
685
735
35
286
487
265
392
164
625
537
565
476
973
159
824
864
282
560
7
506
21
681
90
253
414
680
983
358
462
835
470
597
958
451
499
276
46
764
229
381
501
389
586
305
763
123
600
244
579
666
421
250
780
875
509
492
858
258
82
208
162
358
217
144
411
4
649
236
107
433
394
70
361
809
431
828
744
335
227
757
825
457
208
581
420
432
986
484
991
217
439
740
978
69
750
638
622
338
591
39
374
637
933
582
33
705
885
160
900
991
491
753
222
479
252
680
873
201
822
943
375
160
911
212
205
974
885
634
745
284
316
933
823
380
302
768
894
806
307
128
625
883
101
494
408
467
574
254
447
966
387
439
800
721
886
719
450
555
359
944
814
205
210
98
786
57
832
60
275
91
870
599
991
335
734
282
332
640
880
171
768
958
624
294
552
408
647
612
748
408
750
132
634
733
307
847
213
11
981
745
792
831
219
532
387
857
845
586
587
800
279
35
665
212
687
257
354
328
757
361
357
312
928
507
798
646
866
482
111
837
52
946
100
38
289
603
661
903
762
843
320
760
517
304
371
351
686
871
112
494
207
475
631
64
926
257
392
797
331
715
642
988
173
8
179
941
535
134
33
278
802
147
173
949
894
151
338
379
469
102
768
892
915
819
831
681
996
138
655
168
933
509
72
211
431
913
9
115
64
767
879
19
672
520
708
377
60
82
705
14
820
445
818
610
709
95
11
915
47
921
310
563
654
966
707
812
300
179
25
320
865
261
306
496
565
845
645
43
799
275
173
979
168
42
757
694
936
387
634
873
266
428
53
614
292
207
344
722
516
217
8
64
68
231
62
882
435
412
174
58
555
775
258
682
58
276
527
35
656
812
932
322
472
35
201
697
878
151
393
110
562
528
639
15
931
292
272
537
111
35
858
749
7
308
987
539
646
950
648
266
997
117
695
245
304
412
35
306
242
781
770
82
776
491
819
465
989
216
199
835
75
68
826
470
901
729
104
897
261
763
826
417
762
578
914
373
734
817
627
797
400
191
173
7
339
655
501
94
389
6
931
726
7
357
565
764
918
68
145
226
561
316
712
870
299
155
798
484
88
572
404
353
197
150
563
680
206
395
330
23
250
729
182
524
99
78
250
468
914
914
121
402
842
537
478
542
664
979
761
969
163
620
281
633
17
192
856
499
706
510
558
983
642
277
738
56
417
321
859
35
22
496
302
6
322
807
502
839
753
630
868
43
165
425
296
494
847
120
229
207
25
992
796
387
991
250
685
15
38
190
456
976
898
959