1
11
17
18
23
33
39
49
57
59
65
69
71
76
80
88
94
95
98
106
109
112
115
120
130
140
141
146
149
155
165
170
175
180
184
194
195
204
207
209
216
225
227
235
237
242
248
251
252
260
266
274
281
289
291
292
301
307
311
318
322
323
333
343
348
355
365
370
375
385
386
393
397
403
408
417
426
430
433
436
441
451
455
460
467
476
484
489
499
501
503
513
518
527
528
531
532
537
546
549
550
556
559
560
568
574
579
585
595
598
601
606
612
618
627
631
632
634
640
648
656
663
665
666
675
679
682
686
694
702
705
712
718
722
731
735
743
751
758
765
771
774
782
788
795
805
812
816
826
828
837
838
842
844
851
859
868
872
881
883
885
887
893
901
902
909
918
920
927
929
939
940
943
948
954
955
965
972
973
976
978
988
998
1003
1012
1016
1026
1028
1029
1032
1042
1047
1054
1064
1066
1075
1078
1086
1091
1092
1097
1099
1105
1114
1124
1132
1135
1141
1150
1154
1163
1171
1176
1178
1188
1197
1199
1200
1206
1213
1214
1218
1221
1226
1229
1233
1236
1243
1250
1253
1260
1268
1270
1277
1281
1284
1292
1298
1306
1309
1315
1324
1327
1334
1343
1344
1346
1356
1361
1362
1367
1368
1373
1374
1383
1387
1391
1393
1397
1404
1413
1419
1420
1423
1433
1440
1444
1445
1453
1463
1465
1473
1474
1483
1484
1486
1494
1501
1504
1508
1515
1525
1528
1536
1543
1550
1554
1557
1562
1563
1570
1574
1580
1588
1589
1593
1598
1601
1608
1613
1620
1625
1634
1636
1642
1649
1654
1663
1668
1672
1676
1681
1691
1698
1708
1717
1719
1723
1732
1738
1739
1747
1752
1761
1765
1772
1775
1782
1791
1797
1803
1808
1813
1823
1830
1837
1841
1842
1850
1860
1870
1872
1878
1883
1891
1900
1903
1905
1915
1918
1923
1931
1941
1943
1951
1958
1959
1962
1967
1976
1986
1988
1998
2008
2011
2019
2020
2021
2031
2037
2046
2056
2062
2064
2071
2079
2083
2087
2095
2103
2104
2105
2108
2112
2113
2116
2119
2123
2130
2131
2139
2145
2151
2152
2156
2158
2167
2175
2184
2192
2198
2200
2204
2212
2213
2221
2223
2231
2240
2246
2249
2257
2258
2259
2267
2273
2277
2280
2287
2294
2302
2306
2309
2318
2319
2324
2326
2332
2342
2347
2356
2365
2374
2380
2390
2396
2404
2413
2418
2423
2424
2434
2437
2443
2448
2457
2464
2472
2479
2485
2490
2492
2495
2504
2506
2509
2518
2522
2526
2532
2536
2540
2544
2554
2564
2567
2577
2581
2584
2592
2600
2602
2605
2606
2610
2614
2618
2624
2626
2631
2637
2638
2648
2655
2664
2674
2679
2680
2685
2693
2697
2705
2715
2716
2726
2733
2735
2743
2749
2756
2766
2767
2769
2774
2783
2790
2795
2797
2798
2807
2810
2819
2826
2827
2829
2833
2842
2852
2855
2864
2867
2873
2875
2885
2895
2896
2897
2902
2911
2913
2917
2924
2929
2936
2942
2950
2956
2961
2966
2970
2977
2985
2990
2996
3000
3010
3017
3018
3022
3028
3029
3035
3043
3048
3050
3053
3056
3057
3059
3060
3062
3068
3071
3074
3082
3091
3098
3099
3108
3109
3112
3115
3120
3128
3137
3143
3149
3159
3165
3166
3168
3172
3177
3185
3190
3196
3201
3204
3212
3221
3231
3234
3237
3238
3244
3251
3254
3259
3263
3265
3273
3277
3285
3288
3292
3293
3300
3305
3315
3324
3326
3335
3341
3347
3348
3356
3364
3374
3378
3388
3391
3399
3405
3406
3413
3416
3425
3426
3428
3436
3437
3443
3449
3459
3469
3476
3478
3487
3489
3496
3497
3507
3509
3517
3518
3528
3537
3539
3540
3547
3549
3550
3560
3567
3572
3574
3575
3585
3594
3595
3600
3604
3608
3612
3622
3626
3630
3634
3642
3648
3657
3663
3669
3673
3680
3684
3690
3700
3706
3710
3714
3724
3731
3740
3742
3744
3751
3757
3763
3770
3773
3778
3780
3790
3791
3796
3800
3802
3811
3815
3818
3825
3831
3832
3834
3839
3842
3846
3851
3855
3857
3858
3861
3868
3872
3873
3881
3886
3887
3893
3899
3907
3913
3914
3924
3930
3931
3935
3941
3944
3945
3955
3965
3974
3984
3989
3999
4004
4008
4014
4019
4025
4026
4032
4038
4040
4043
4053
4060
4067
4075
4077
4083
4090
4092
4093
4097
4098
4102
4108
4115
4119
4127
4131
4141
4145
4151
4161
4166
4171
4177
4179
4180
4186
4195
4197
4205
4215
4219
4229
4234
4238
4246
4249
4251
4259
4262
4272
4282
4285
4290
4299
4302
4309
4310
4312
4320
4330
4335
4341
4350
4359
4362
4365
4373
4379
4381
4385
4388
4398
4408
4411
4418
4428
4433
4435
4439
4443
4453
4459
4462
4466
4468
4477
4481
4483
4493
4501
4507
4516
4524
4534
4535
4541
4548
4557
4565
4574
4584
4586
4590
4592
4594
4602
4603
4611
4616
4621
4626
4627
4631
4637
4642
4652
4660
4662
4668
4674
4678
4688
4698
4707
4709
4715
4722
4726
4735
4745
4749
4758
4762
4766
4775
4779
4781
4791
4801
4809
4817
4818
4827
4831
4836
4839
4847
4849
4851
4861
4871
4881
4885
4891
4895
4901
4908
4918
4920
4926
4933
4937
4938
4948
4954
4964
4969
4971
4975
4979
4981
4988
4996
4999
5006
5009
5015
5019
5027
5029
5033
5035
5045
5052
5056
5059
5066
5070
5077
5087
5096
5104
5110
5117
5119
5126
5128
5131
5132
5141
5146
5148
5153
5155
5160
5170
5174
5177
5185
5191
5194
5198
5204
5208
5209
5211
5214
5223
5228
5237
5246
5253
5262
5271
5279
5288
5290
5299
5300
5307
5312
5314
5318
5325
5326
5336
5337
5342
5351
5353
5355
5361
5364
5370
5377
5387
5393
5400
5409
5416
5419
5426
5433
5436
5443
5445
5453
5455
5458
5467
5474
5477
5480
5487
5490
5494
5501
5502
5503
5506
5512
5516
5526
5533
5537
5546
5549
5558
5561
5567
5575
5580
5582
5585
5594
5600
5608
5614
5620
5626
5631
5637
5646
5650
5659
5665
5673
5677
5679
5685
5694
5703
5711
5712
5722
5728
5732
5735
5743
5752
5761
5768
5778
5784
5794
5802
5807
5813
5820
5826
5829
5830
5831
5841
5842
5845
5853
5855
5857
5866
5873
5876
5882
5888
5896
5901
5907
5911
5914
5924
5932
5934
5937
5940
5941
5951
5957
5964
5968
5970
5977
5979
5983
5991
5992
5999
6000
6002
6006
6008
6011
6013
6022
6023
6033
6042
6051
6053
6055
6057
6058
6061
6071
6081
6084
6089
6091
6100
6109
6111
6119
6127
6128
6133
6142
6150
6152
6156
6161
6171
6172
6174
6180
6182
6192
6195
6203
6212
6221
6227
6236
6245
6247
6254
6255
6260
6263
6264
6267
6273
6279
6285
6293
6294
6304
6314
6319
6320
6325
6332
6342
6344
6352
6355
6357
6360
6362
6363
6367
6377
6378
6379
6380
6385
6391
6398
6408
6412
6413
6421
6423
6431
6441
6445
6452
6453
6463
6472
6482
6483
6487
6495
6502
6510
6516
6524
6527
6532
6535
6541
6549
6556
6560
6570
6573
6578
6583
6591
6596
6600
6606
6613
6618
6628
6635
6638
6648
6651
6661
6665
6670
6678
6681
6689
6696
6703
6712
6721
6725
6726
6732
6741
6742
6751
6761
6765
6768
6776
6783
6784
6786
6793
6798
6803
6806
6808
6815
6823
6833
6834
6838
6843
6848
6853
6854
6860
6866
6868
6870
6871
6878
6879
6889
6894
6898
6906
6909
6914
6916
6923
6926
6936
6942
6944
6954
6961
6969
6974
6983
6985
6987
6995
7002
7012
7013
7015
7020
7025
7027
7033
7042
7049
7056
7061
7066
7068
7078
7079
7088
7090
7091
7100
7105
7115
7117
7124
7127
7137
7139
7141
7146
7150
7153
7162
7168
7177
7186
7189
7195
7202
7208
7210
7217
7223
7224
7229
7236
7242
7250
7255
7261
7266
7275
7276
7277
7282
7291
7300
7303
7307
7309
7314
7320
7324
7325
7334
7336
7341
7345
7348
7352
7356
7362
7369
7374
7384
7392
7396
7406
7414
7416
7422
7427
7433
7437
7446
7453
7456
7460
7468
7473
7478
7481
7483
7492
7495
7500
7507
7512
7513
7518
7525
7530
7539
7548
7554
7562
7568
7578
7583
7588
7589
7592
7600
7602
7611
7616
7619
7625
7627
7628
7637
7646
7656
7657
7658
7663
7671
7673
7682
7690
7698
7700
7708
7715
7720
7726
7731
7738
7748
7756
7766
7767
7775
7783
7788
7793
7802
7812
7815
7819
7824
7830
7833
7838
7848
7850
7851
7860
7870
7873
7881
7885
7889
7893
7901
7906
7907
7914
7920
7924
7932
7940
7950
7955
7965
7970
7973
7975
7984
7991
7992
7995
8001
8005
8015
8021
8028
8029
8037
8041
8043
8049
8059
8062
8063
8066
8076
8079
8087
8092
8101
8107
8115
8124
8126
8128
8137
8147
8156
8165
8173
8178
8184
8191
8199
8209
8214
8215
8219
8227
8233
8239
8240
8243
8244
8252
8262
8267
8272
8280
8286
8291
8299
8301
8305
8314
8317
8327
8328
8333
8342
8344
8351
8359
8368
8373
8374
8380
8382
8383
8392
8395
8402
8403
8408
8415
8416
8418
8421
8428
8429
8439
8448
8451
8457
8460
8463
8473
8478
8482
8485
8494
8498
8508
8512
8519
8520
8528
8538
8543
8548
8553
8559
8567
8568
8571
8573
8582
8584
8586
8595
8598
8607
8615
8618
8622
8623
8633
8643
8653
8659
8666
8670
8676
8681
8686
8695
8702
8710
8718
8727
8737
8743
8748
8756
8757
8764
8770
8779
8784
8787
8789
8797
8798
8806
8810
8812
8816
8825
8826
8829
8839
8848
8852
8854
8860
8870
8874
8882
8891
8900
8903
8904
8906
8908
8913
8918
8922
8925
8926
8929
8935
8943
8949
8953
8961
8970
8971
8981
8983
8984
8985
8993
8994
9002
9011
9018
9020
9021
9024
9033
9038
9045
9046
9051
9053
9054
9062
9066
9076
9077
9084
9090
9099
9104
9108
9114
9121
9127
9128
9134
9137
9147
9149
9156
9157
9162
9166
9176
9185
9190
9199
9208
9212
9218
9222
9231
9234
9243
9253
9257
9262
9272
9281
9286
9288
9296
9303
9308
9314
9315
9323
9330
9340
9341
9347
9354
9364
9371
9380
9383
9388
9396
9400
9408
9415
9420
9421
9422
9430
9440
9444
9454
9457
9460
9469
9475
9480
9490
9496
9499
9508
9516
9523
9533
9535
9545
9548
9554
9560
9566
9574
9578
9580
9585
9588
9598
9601
9610
9615
9625
9630
9635
9637
9647
9651
9654
9664
9674
9677
9682
9691
9692
9695
9703
9709
9715
9721
9723
9732
9738
9743
9748
9756
9759
9765
9770
9772
9773
9774
9777
9783
9786
9791
9797
9803
9810
9814
9821
9822
9826
9827
9835
9837
9844
9850
9860
9864
9869
9876
9877
9886
9895
9900
9906
9915
9917
9921
9923
9924
9932
9935
9938
9946
9952
9954
9957
9960
9970
9978
9988
9995
9999
10000
10002
10007
10012
10022
10032
10033
10038
10045
10055
10065
10070
10080
10081
10088
10094
10103
10109
10111
10114
10123
10129
10137
10143
10145
10150
10151
10155
10159
10160
10162
10167
10175
10176
10178
10183
10192
10195
10200
10204
10207
10212
10222
10232
10242
10252
10254
10256
10257
10259
10267
10273
10277
10286
10295
10304
10313
10318
10325
10326
10329
10331
10333
10343
10351
10353
10361
10368
10370
10372
10380
10381
10383
10389
10394
10400
10407
10408
10409
10417
10421
10431
10441
10448
10449
10455
10463
10472
10480
10490
10492
10497
10504
10514
10523
10525
10530
10537
10542
10543
10544
10550
10555
10559
10564
10574
10580
10590
10592
10597
10599
10605
10615
10618
10628
10636
10637
10638
10642
10645
10647
10657
10660
10670
10671
10674
10679
10686
10691
10697
10704
10714
10724
10725
10733
10743
10748
10754
10760
10769
10770
10779
10789
10793
10803
10806
10812
10822
10827
10829
10833
10842
10852
10853
10859
10867
10871
10879
10882
10891
10899
10905
10913
10922
10932
10935
10939
10940
10942
10948
10949
10956
10964
10974
10979
10980
10985
10992
11002
11010
11011
11013
11016
11018
11024
11026
11031
11038
11039
11044
11045
11054
11061
11071
11081
11087
11096
11104
11108
11109
11115
11124
11128
11131
11135
11141
11144
11153
11162
11163
11169
11177
11178
11188
11196
11200
11204
11207
11215
11223
11231
11235
11237
11239
11248
11253
11259
11264
11268
11276
11278
11282
11287
11296
11302
11309
11310
11315
11317
11327
11330
11335
11338
11346
11348
11356
11366
11367
11376
11379
11382
11383
11390
11397
11402
11405
11409
11414
11422
11425
11435
11436
11441
11445
11450
11454
11463
11469
11479
11487
11491
11496
11504
11511
11519
11524
11531
11538
11542
11543
11553
11556
11560
11570
11580
11588
11595
11597
11606
11609
11618
11620
11621
11625
11631
11632
11638
11641
11651
11653
11657
11660
11667
11677
11685
11691
11699
11708
11710
11711
11712
11719
11729
11733
11740
11748
11758
11762
11771
11777
11779
11788
11797
11798
11802
11808
11818
11828
11835
11839
11840
11844
11850
11852
11862
11863
11871
11872
11873
11880
11881
11886
11889
11895
11901
11906
11915
11916
11923
11926
11927
11930
11937
11939
11946
11951
11957
11964
11968
11972
11974
11983
11986
11992
12001
12003
12005
12014
12015
12021
12029
12031
12041
12049
12050
12054
12059
12061
12062
12065
12071
12075
12076
12079
12080
12090
12092
12100
12108
12118
12121
12125
12130
12137
12147
12156
12166
12167
12175
12180
12185
12194
12200
12202
12207
12213
12221
12223
12224
12233
12242
12247
12254
12264
12265
12269
12273
12277
12287
12295
12304
12312
12314
12316
12319
12323
12328
12335
12343
12347
12351
12352
12356
12365
12371
12375
12381
12386
12392
12396
12404
12406
12410
12414
12417
12420
12421
12426
12432
12437
12440
12448
12456
12461
12464
12468
12477
12487
12488
12496
12498
12503
12510
12516
12518
12522
12524
12532
12540
12550
12556
12564
12571
12576
12577
12585
12588
12593
12594
12596
12603
12608
12612
12622
12630
12639
12645
12646
12650
12651
12661
12669
12676
12682
12690
12697
12700
12701
12710
12715
12720
12723
12730
12736
12744
12748
12756
12765
12766
12773
12779
12782
12791
12796
12802
12805
12811
12818
12821
12829
12835
12839
12842
12847
12851
12856
12860
12861
12868
12878
12883
12890
12898
12901
12911
12916
12923
12933
12937
12943
12946
12954
12955
12959
12968
12978
12984
12986
12989
12999
13004
13010
13017
13027
13030
13032
13039
13046
13054
13064
13069
13076
13084
13087
13090
13100
13109
13112
13116
13122
13126
13134
13138
13143
13152
13154
13160
13169
13172
13178
13179
13186
13194
13203
13204
13206
13212
13215
13221
13230
13239
13244
13245
13252
13261
13262
13268
13272
13276
13277
13279
13284
13287
13294
13304
13309
13313
13316
13325
13332
13338
13346
13354
13363
13367
13377
13386
13394
13397
13401
13410
13419
13422
13427
13437
13440
13450
13454
13455
13464
13467
13471
13474
13478
13486
13488
13493
13503
13509
13511
13514
13515
13518
13523
13532
13533
13541
13548
13557
13562
13569
13570
13579
13580
13582
13585
13588
13592
13594
13598
13607
13610
13616
13623
13626
13629
13631
13634
13635
13642
13651
13659
13665
13671
13674
13681
13682
13687
13693
13697
13701
13709
13715
13717
13725
13735
13739
13747
13757
13764
13773
13778
13781
13784
13786
13793
13798
13802
13811
13820
13821
13824
13830
13838
13845
13853
13862
13864
13865
13873
13874
13878
13883
13893
13903
13908
13910
13919
13928
13934
13937
13941
13947
13951
13956
13960
13968
13974
13982
13992
14002
14005
14015
14022
14030
14031
14037
14045
14047
14053
14055
14058
14063
14072
14076
14079
14086
14090
14093
14100
14104
14111
14115
14124
14126
14136
14146
14147
14153
14159
14166
14176
14177
14182
14192
14198
14199
14203
14212
14219
14224
14233
14234
14239
14241
14242
14249
14251
14257
14258
14261
14271
14279
14287
14294
14295
14304
14314
14322
14332
14337
14346
14348
14350
14351
14361
14365
14373
14377
14383
14386
14393
14402
14412
14420
14428
14430
14436
14438
14443
14448
14453
14456
14457
14466
14469
14474
14480
14487
14496
14502
14505
14512
14515
14525
14528
14531
14536
14544
14551
14554
14561
14568
14574
14580
14585
14593
14594
14602
14610
14612
14617
14620
14621
14628
14631
14638
14645
14652
14662
14671
14675
14680
14683
14685
14694
14695
14702
14703
14706
14715
14716
14724
14725
14728
14731
14741
14750
14753
14760
14765
14774
14779
14788
14792
14802
14809
14813
14816
14817
14822
14827
14833
14842
14846
14855
14859
14864
14872
14878
14887
14892
14899
14900
14906
14909
14912
14913
14916
14925
14934
14937
14940
14943
14944
14951
14953
14956
14963
14968
14973
14979
14982
14987
14996
15005
15012
15019
15021
15029
15031
15035
15045
15052
15053
15056
15058
15062
15064
15070
15073
15077
15087
15097
15104
15111
15121
15127
15128
15130
15132
15141
15143
15145
15151
15152
15157
15162
15171
15181
15184
15188
15191
15196
15201
15211
15214
15220
15230
15238
15245
15253
15262
15271
15279
15289
15292
15295
15305
15311
15321
15323
15324
15326
15327
15333
15339
15345
15353
15362
15367
15376
15385
15391
15398
15405
15408
15415
15425
15426
15433
15437
15442
15449
15451
15459
15469
15479
15482
15486
15495
15499
15508
15511
15521
15524
15528
15532
15535
15538
15540
15543
15547
15556
15558
15563
15570
15576
15585
15594
15596
15606
15609
15615
15620
15626
15634
15638
15641
15645
15652
15654
15656
15665
15671
15679
15685
15694
15697
15704
15706
15708
15709
15713
15723
15733
15743
15746
15755
15757
15761
15765
15773
15774
15775
15776
15785
15791
15794
15795
15799
15800
15804
15810
15819
15825
15831
15834
15843
15847
15851
15856
15863
15867
15869
15870
15872
15879
15884
15889
15894
15899
15905
15910
15916
15922
15925
15932
15937
15944
15949
15958
15963
15971
15976
15986
15996
16002
16007
16012
16019
16023
16030
16032
16037
16047
16055
16059
16068
16071
16080
16082
16085
16094
16101
16102
16104
16109
16110
16119
16126
16132
16136
16142
16151
16155
16159
16164
16168
16176
16184
16191
16197
16202
16203
16204
16207
16214
16220
16227
16232
16242
16252
16261
16267
16275
16281
16290
16295
16304
16306
16309
16310
16315
16318
16321
16331
16336
16345
16354
16355
16357
16364
16367
16373
16376
16384
16386
16394
16402
16406
16416
16425
16430
16434
16440
16447
16455
16457
16459
16468
16472
16477
16482
16483
16487
16495
16503
16511
16520
16522
16528
16531
16533
16537
16544
16551
16555
16557
16563
16564
16566
16568
16569
16578
16583
16590
16594
16597
16607
16617
16619
16622
16625
16631
16640
16650
16652
16653
16656
16664
16674
16684
16689
16691
16700
16706
16714
16718
16728
16733
16740
16743
16752
16759
16761
16764
16767
16768
16772
16780
16784
16794
16803
16810
16815
16822
16824
16829
16832
16835
16842
16848
16857
16860
16869
16876
16885
16889
16899
16905
16907
16908
16909
16915
16918
16920
16930
16931
16935
16939
16944
16948
16952
16955
16963
16968
16971
16974
16977
16983
16984
16991
16999
17003
17010
17014
17018
17025
17033
17041
17044
17050
17056
17061
17065
17068
17071
17075
17083
17086
17093
17098
17099
17102
17106
17114
17120
17122
17125
17132
17134
17139
17147
17157
17159
17163
17168
17172
17175
17180
17185
17186
17189
17195
17204
17214
17224
17229
17237
17247
17253
17263
17272
17275
17282
17291
17292
17295
17302
17305
17308
17313
17319
17325
17332
17335
17340
17348
17357
17362
17370
17374
17376
17377
17381
17389
17394
17404
17407
17410
17416
17418
17424
17427
17437
17445
17452
17455
17460
17469
17475
17477
17482
17492
17501
17511
17512
17516
17518
17522
17524
17530
17532
17539
17545
17553
17554
17555
17561
17568
17576
17580
17589
17591
17592
17601
17603
17604
17608
17611
17620
17628
17633
17634
17639
17645
17647
17657
17662
17672
17679
17688
17692
17700
17708
17709
17710
17715
17722
17732
17736
17743
17748
17751
17756
17761
17770
17778
17788
17794
17797
17800
17807
17817
17818
17819
17826
17829
17834
17843
17852
17854
17860
17863
17864
17872
17876
17879
17887
17891
17899
17908
17915
17917
17920
17928
17932
17935
17943
17948
17950
17960
17964
17974
17979
17985
17992
17997
18004
18005
18008
18010
18012
18019
18024
18030
18032
18042
18050
18052
18057
18062
18064
18068
18071
18073
18083
18087
18092
18096
18106
18110
18112
18118
18124
18134
18137
18141
18147
18153
18161
18164
18174
18181
18190
18197
18204
18208
18216
18218
18227
18229
18236
18237
18244
18247
18251
18261
18264
18266
18271
18280
18288
18290
18292
18299
18301
18304
18314
18322
18324
18330
18339
18346
18355
18362
18368
18376
18378
18379
18383
18388
18397
18404
18413
18416
18424
18433
18439
18442
18449
18459
18468
18471
18474
18479
18484
18488
18497
18501
18508
18514
18517
18519
18526
18533
18543
18550
18552
18562
18568
18571
18581
18584
18587
18595
18596
18601
18611
18612
18622
18627
18633
18642
18647
18657
18664
18667
18676
18684
18690
18700
18704
18705
18712
18714
18719
18723
18725
18732
18742
18749
18752
18754
18755
18764
18767
18774
18778
18786
18790
18796
18803
18808
18816
18824
18829
18839
18846
18851
18859
18867
18876
18878
18884
18889
18894
18904
18909
18918
18923
18926
18927
18931
18938
18940
18941
18948
18954
18958
18960
18962
18968
18976
18986
18987
18989
18997
19002
19011
19014
19022
19029
19035
19042
19049
19050
19057
19065
19070
19072
19081
19087
19093
19101
19111
19116
19122
19132
19141
19149
19156
19163
19164
19171
19172
19174
19182
19183
19187
19196
19205
19211
19214
19219
19228
19238
19244
19247
19248
19250
19251
19256
19264
19270
19271
19277
19282
19283
19287
19291
19295
19301
19304
19305
19306
19312
19316
19325
19332
19339
19347
19348
19354
19360
19364
19372
19373
19374
19384
19392
19400
19409
19412
19420
19429
19431
19434
19439
19449
19458
19462
19470
19476
19479
19481
19483
19489
19490
19497
19505
19508
19509
19515
19518
19523
19525
19526
19535
19540
19550
19560
19567
19574
19579
19585
19587
19592
19601
19606
19609
19618
19619
19629
19637
19640
19646
19648
19655
19656
19657
19660
19664
19674
19675
19684
19692
19695
19703
19704
19713
19715
19724
19726
19729
19739
19743
19744
19753
19759
19769
19778
19780
19789
19798
19802
19811
19814
19823
19827
19832
19840
19846
19847
19854
19857
19864
19868
19872
19877
19880
19884
19885
19886
19890
19898
19907
19916
19921
19927
19930
19938
19943
19945
19948
19953
19956
19960
19967
19973
19977
19981
19989
19991
20001
20004
20008
20017
20020
20028
20029
20035
20040
20048
20053
20062
20072
20073
20076
20086
20089
20091
20100
20108
20111
20118
20124
20128
20129
20137
20142
20149
20156
20160
20161
20170
20177
20187
20192
20199
20203
20213
20218
20227
20230
20231
20233
20242
20244
20250
20256
20262
20263
20270
20274
20280
20283
20284
20288
20298
20302
20311
20314
20315
20318
20320
20326
20336
20346
20347
20351
20354
20361
20364
20371
20375
20378
20386
20390
20396
20398
20399
20409
20415
20418
20424
20426
20435
20440
20449
20459
20468
20474
20481
20489
20496
20503
20512
20519
20521
20527
20530
20531
20541
20547
20555
20565
20574
20584
20594
20598
20601
20610
20611
20612
20621
20622
20627
20633
20635
20642
20648
20650
20653
20660
20667
20676
20679
20682
20685
20690
20691
20693
20695
20701
20710
20716
20720
20721
20728
20737
20743
20749
20759
20761
20765
20766
20771
20774
20778
20785
20786
20794
20802
20805
20810
20811
20812
20821
20828
20837
20846
20855
20858
20867
20877
20881
20890
20893
20898
20906
20908
20910
20918
20923
20927
20937
20944
20953
20963
20970
20977
20981
20991
20997
21000
21006
21007
21011
21019
21028
21036
21040
21044
21045
21050
21051
21061
21064
21071
21081
21083
21092
21094
21101
21109
21114
21124
21134
21144
21151
21157
21165
21167
21175
21182
21187
21192
21197
21198
21201
21209
21213
21216
21219
21223
21228
21235
21245
21248
21255
21256
21261
21265
21268
21277
21278
21284
21292
21301
21310
21311
21315
21319
21323
21328
21329
21335
21341
21349
21355
21360
21367
21374
21380
21382
21390
21395
21398
21408
21410
21413
21419
21421
21426
21428
21429
21434
21441
21444
21446
21448
21458
21461
21465
21468
21478
21487
21491
21496
21506
21509
21513
21516
21523
21528
21537
21544
21547
21553
21555
21563
21566
21570
21578
21584
21593
21601
21609
21612
21622
21628
21638
21641
21646
21650
21655
21658
21668
21670
21672
21679
21682
21687
21688
21691
21694
21702
21712
21716
21718
21725
21728
21736
21741
21751
21757
21759
21761
21770
21778
21783
21787
21796
21805
21806
21815
21820
21827
21837
21838
21848
21857
21859
21860
21869
21872
21877
21880
21889
21898
21908
21914
21919
21929
21930
21939
21946
21951
21958
21967
21976
21984
21988
21990
22000
22010
22014
22022
22027
22037
22038
22047
22051
22061
22070
22078
22080
22089
22096
22102
22105
22110
22117
22123
22128
22133
22138
22140
22149
22155
22165
22167
22172
22182
22191
22201
22206
22208
22210
22215
22224
22229
22230
22232
22237
22244
22245
22253
22256
22261
22267
22277
22281
22283
22285
22294
22302
22311
22318
22326
22333
22338
22348
22350
22358
22360
22363
22368
22374
22381
22389
22390
22393
22397
22406
22414
22415
22416
22422
22432
22433
22439
22443
22447
22455
22464
22470
22478
22479
22487
22492
22499
22502
22509
22515
22522
22525
22533
22539
22549
22551
22559
22560
22567
22574
22579
22581
22585
22592
22596
22601
22609
22611
22620
22629
22630
22637
22638
22645
22653
22656
22663
22669
22671
22678
22682
22692
22700
22703
22711
22716
22717
22726
22735
22738
22747
22748
22755
22764
22772
22782
22792
22794
22800
22808
22815
22821
22824
22833
22838
22844
22853
22862
22869
22879
22884
22891
22893
22900
22905
22912
22915
22921
22930
22938
22942
22943
22951
22961
22965
22972
22976
22981
22987
22991
22992
23001
23011
23012
23017
23024
23025
23033
23043
23050
23053
23059
23067
23069
23071
23077
23086
23087
23089
23094
23099
23105
23112
23113
23119
23122
23127
23134
23139
23143
23149
23155
23161
23169
23172
23175
23179
23184
23191
23199
23201
23206
23213
23223
23233
23234
23235
23243
23250
23255
23256
23261
23269
23274
23283
23287
23294
23304
23309
23316
23322
23323
23329
23331
23332
23341
23348
23352
23355
23356
23366
23373
23382
23383
23388
23393
23402
23409
23413
23420
23424
23433
23440
23447
23456
23458
23462
23470
23472
23476
23484
23486
23495
23497
23506
23516
23524
23534
23538
23543
23549
23551
23555
23557
23564
23570
23572
23576
23582
23586
23590
23600
23610
23615
23619
23628
23634
23635
23638
23640
23641
23651
23661
23671
23675
23676
23685
23690
23693
23701
23706
23712
23714
23724
23727
23730
23738
23743
23747
23754
23756
23762
23765
23767
23768
23776
23777
23781
23788
23796
23800
23808
23810
23812
23817
23821
23827
23832
23841
23847
23856
23866
23867
23872
23876
23879
23881
23891
23897
23905
23907
23917
23923
23924
23934
23942
23952
23958
23966
23973
23976
23981
23985
23990
23999
24009
24016
24020
24024
24025
24031
24035
24045
24046
24055
24061
24065
24074
24077
24087
24090
24099
24101
24105
24111
24115
24116
24125
24135
24138
24139
24140
24150
24152
24155
24157
24162
24164
24166
24175
24183
24190
24200
24210
24211
24221
24228
24238
24244
24247
24254
24256
24261
24271
24280
24289
24291
24294
24297
24305
24307
24314
24323
24325
24334
24340
24347
24350
24355
24365
24373
24377
24385
24390
24399
24407
24417
24423
24427
24433
24438
24439
24446
24451
24454
24458
24459
24465
24468
24469
24473
24478
24487
24491
24499
24507
24516
24517
24524
24533
24537
24545
24547
24551
24558
24564
24571
24580
24581
24591
24593
24601
24603
24610
24617
24620
24626
24634
24642
24649
24651
24660
24665
24673
24680
24682
24688
24697
24700
24702
24704
24713
24722
24731
24738
24742
24750
24758
24759
24768
24777
24779
24782
24786
24787
24788
24789
24799
24802
24811
24816
24824
24828
24835
24838
24842
24849
24856
24863
24866
24871
24881
24890
24892
24893
24898
24902
24904
24910
24914
24924
24934
24940
24950
24957
24965
24975
24979
24984
24988
24992
24994
25001
25002
25010
25018
25025
25029
25030
25040
25045
25051
25059
25062
25063
25071
25081
25083
25084
25085
25088
25092
25098
25104
25108
25117
25118
25128
25131
25139
25147
25156
25157
25158
25168
25170
25171
25181
25185
25191
25195
25203
25208
25217
25222
25223
25230
25236
25238
25239
25247
25250
25258
25261
25268
25273
25277
25281
25288
25294
25297
25303
25309
25317
25325
25327
25329
25335
25343
25349
25355
25360
25366
25369
25375
25377
25380
25384
25386
25388
25395
25403
25411
25416
25424
25428
25432
25435
25439
25440
25443
25448
25450
25457
25467
25477
25481
25491
25497
25499
25507
25510
25512
25515
25517
25526
25527
25529
25539
25544
25552
25557
25561
25570
25577
25585
25588
25591
25592
25593
25595
25598
25606
25615
25621
25624
25629
25634
25642
25644
25649
25650
25654
25663
25672
25681
25682
25684
25686
25690
25699
25709
25717
25721
25726
25727
25729
25737
25738
25748
25757
25760
25761
25770
25777
25784
25785
25789
25798
25800
25801
25808
25815
25818
25827
25833
25836
25839
25842
25847
25852
25858
25868
25876
25884
25894
25898
25907
25910
25916
25925
25934
25940
25947
25949
25956
25963
25968
25976
25977
25981
25989
25993
25995
26001
26003
26008
26017
26020
26023
26026
26030
26033
26034
26040
26049
26058
26068
26069
26071
26075
26081
26083
26091
26095
26104
26111
26118
26124
26129
26139
26141
26145
26148
26155
26159
26161
26165
26168
26178
26187
26194
26196
26205
26207
26210
26219
26229
26233
26237
26243
26250
26254
26260
26264
26271
26277
26284
26286
26294
26297
26307
26313
26318
26325
26328
26332
26333
26342
26344
26345
26355
26362
26371
26374
26381
26388
26397
26399
26408
26412
26414
26415
26418
26428
26429
26432
26438
26447
26455
26458
26462
26468
26477
26484
26488
26493
26499
26508
26512
26521
26525
26535
26545
26554
26555
26557
26567
26575
26577
26586
26593
26599
26606
26613
26623
26632
26638
26647
26651
26659
26667
26669
26676
26678
26682
26692
26694
26697
26698
26701
26704
26709
26719
26720
26725
26735
26738
26740
26746
26756
26760
26769
26778
26783
26792
26797
26801
26808
26813
26814
26821
26824
26830
26833
26840
26842
26851
26861
26871
26880
26887
26896
26902
26908
26918
26919
26929
26938
26946
26953
26963
26964
26971
26981
26991
26998
27000
27004
27006
27007
27008
27018
27021
27024
27026
27034
27042
27051
27060
27061
27070
27076
27082
27089
27098
27106
27108
27112
27114
27123
27132
27139
27149
27151
27157
27161
27165
27173
27174
27178
27179
27185
27188
27191
27198
27199
27208
27216
27225
27232
27235
27243
27250
27259
27266
27269
27273
27275
27276
27278
27285
27287
27290
27298
27308
27314
27315
27318
27328
27338
27339
27348
27350
27360
27368
27378
27383
27384
27385
27387
27394
27396
27402
27406
27415
27424
27429
27436
27437
27442
27448
27456
27462
27472
27474
27478
27480
27484
27485
27495
27502
27512
27514
27518
27528
27531
27535
27544
27546
27547
27550
27556
27562
27568
27570
27579
27582
27589
27596
27601
27607
27616
27617
27622
27632
27633
27638
27646
27656
27658
27665
27670
27676
27682
27689
27690
27695
27698
27702
27705
27711
27721
27727
27733
27736
27740
27741
27750
27760
27766
27771
27776
27778
27779
27789
27793
27800
27801
27808
27812
27818
27828
27835
27843
27845
27854
27863
27868
27878
27885
27891
27894
27898
27901
27905
27910
27919
27926
27935
27938
27944
27953
27958
27968
27978
27981
27982
27992
27996
27997
28004
28006
28016
28024
28032
28033
28037
28043
28052
28062
28066
28074
28082
28091
28095
28103
28104
28107
28110
28120
28124
28126
28128
28131
28138
28148
28155
28164
28174
28177
28187
28189
28197
28198
28202
28209
28211
28217
28218
28221
28226
28228
28230
28240
28244
28249
28252
28258
28265
28271
28275
28281
28286
28292
28295
28299
28301
28309
28312
28321
28329
28334
28335
28342
28343
28348
28351
28355
28359
28362
28369
28374
28380
28387
28393
28397
28406
28411
28420
28421
28428
28433
28434
28437
28447
28449
28457
28462
28469
28478
28486
28492
28497
28498
28508
28518
28524
28526
28528
28531
28532
28539
28547
28553
28560
28562
28570
28571
28576
28577
28586
28593
28599
28600
28606
28610
28618
28627
28636
28641
28648
28654
28660
28663
28666
28668
28669
28677
28678
28682
28687
28690
28693
28695
28701
28702
28711
28719
28728
28736
28745
28754
28760
28764
28772
28774
28782
28792
28802
28805
28812
28815
28820
28828
28831
28838
28842
28852
28861
28868
28877
28878
28881
28890
28900
28906
28908
28910
28913
28914
28919
28928
28929
28930
28933
28935
28941
28947
28953
28959
28960
28970
28978
28981
28986
28987
28992
28994
29003
29009
29019
29020
29021
29022
29025
29032
29037
29044
29046
29051
29054
29055
29059
29067
29068
29073
29083
29084
29094
29099
29101
29109
29115
29117
29119
29121
29131
29141
29148
29151
29152
29162
29168
29169
29176
29183
29189
29197
29205
29208
29215
29224
29228
29237
29238
29240
29248
29254
29262
29270
29279
29288
29298
29307
29310
29311
29319
29327
29330
29332
29334
29339
29343
29349
29354
29357
29361
29364
29365
29368
29370
29378
29384
29394
29403
29405
29406
29411
29417
29424
29431
29439
29448
29450
29452
29458
29460
29461
29469
29476
29480
29489
29490
29497
29498
29506
29513
29514
29522
29528
29534
29543
29552
29556
29559
29563
29572
29580
29586
29595
29605
29615
29624
29634
29644
29650
29660
29666
29676
29680
29686
29689
29691
29696
29700
29707
29714
29722
29729
29734
29739
29744
29746
29748
29751
29758
29768
29770
29773
29775
29785
29793
29798
29806
29814
29822
29823
29824
29829
29838
29843
29849
29850
29857
29866
29871
29881
29885
29889
29898
29905
29913
29918
29921
29924
29928
29933
29939
29944
29951
29961
29965
29972
29974
29979
29982
29985
29995
30001
30008
30011
30014
30016
30025
30031
30032
30033
30036
30046
30052
30053
30062
30064
30073
30081
30088
30090
30094
30097
30104
30112
30116
30119
30122
30131
30140
30146
30155
30165
30171
30174
30176
30180
30183
30187
30193
30200
30201
30211
30212
30221
30230
30236
30243
30248
30255
30256
30266
30268
30278
30286
30291
30297
30298
30301
30306
30314
30324
30330
30336
30343
30349
30357
30361
30363
30370
30378
30383
30386
30391
30395
30401
30409
30413
30420
30422
30428
30431
30437
30438
30445
30449
30450
30451
30453
30457
30462
30468
30477
30478
30480
30486
30491
30499
30505
30512
30517
30526
30529
30532
30541
30544
30552
30560
30570
30578
30579
30580
30586
30587
30590
30592
30600
30606
30614
30616
30617
30624
30626
30632
30638
30645
30649
30657
30663
30669
30678
30687
30697
30704
30714
30717
30724
30732
30742
30750
30757
30765
30769
30779
30787
30796
30799
30805
30812
30819
30820
30828
30833
30839
30840
30849
30856
30862
30872
30878
30881
30883
30893
30898
30907
30914
30923
30933
30936
30937
30942
30944
30949
30957
30965
30966
30969
30979
30986
30990
30998
31001
31005
31010
31013
31022
31028
31030
31031
31038
31047
31051
31059
31066
31071
31081
31082
31087
31091
31096
31100
31101
31104
31106
31115
31122
31125
31134
31139
31141
31147
31155
31164
31168
31169
31174
31181
31189
31195
31199
31208
31212
31220
31227
31229
31234
31243
31253
31261
31264
31272
31276
31280
31281
31282
31284
31289
31293
31300
31306
31309
31311
31313
31315
31319
31322
31327
31331
31339
31346
31355
31364
31366
31371
31380
31383
31388
31390
31398
31399
31407
31410
31417
31418
31419
31426
31435
31438
31439
31441
31442
31451
31460
31463
31473
31481
31484
31485
31495
31502
31504
31514
31516
31525
31535
31540
31550
31551
31552
31557
31560
31566
31576
31578
31579
31587
31592
31597
31605
31606
31611
31615
31623
31630
31639
31644
31648
31655
31665
31675
31680
31686
31694
31701
31704
31706
31709
31717
31720
31723
31728
31736
31744
31749
31755
31764
31767
31774
31780
31783
31785
31794
31800
31805
31812
31821
31826
31830
31832
31833
31834
31836
31845
31850
31851
31852
31862
31865
31874
31882
31886
31889
31893
31901
31902
31912
31914
31918
31925
31933
31934
31942
31946
31952
31955
31959
31966
31969
31977
31982
31988
31993
31998
32002
32008
32012
32013
32019
32028
32036
32037
32042
32045
32049
32053
32062
32065
32066
32076
32083
32091
32095
32099
32107
32114
32118
32121
32124
32127
32129
32139
32146
32149
32156
32166
32173
32182
32186
32190
32194
32197
32205
32215
32221
32227
32236
32237
32247
32248
32253
32259
32264
32274
32282
32289
32298
32306
32314
32323
32328
32334
32342
32348
32353
32360
32370
32379
32383
32387
32392
32399
32401
32407
32417
32425
32431
32441
32449
32452
32453
32455
32464
32470
32478
32480
32483
32490
32493
32499
32508
32513
32519
32528
32529
32536
32546
32556
32564
32565
32566
32572
32575
32577
32578
32580
32581
32583
32587
32592
32597
32600
32609
32612
32615
32619
32623
32625
32633
32636
32646
32649
32650
32655
32665
32673
32678
32683
32691
32692
32701
32707
32708
32715
32725
32731
32736
32738
32742
32744
32752
32753
32762
32764
32767
32772
32782
32787
32790
32796
32805
32808
32810
32813
32815
32820
32825
32831
32841
32845
32848
32854
32858
32864
32869
32873
32883
32884
32894
32896
32899
32906
32912
32917
32923
32926
32936
32943
32950
32951
32953
32960
32961
32968
32976
32983
32987
32997
33006
33012
33021
33022
33032
33041
33051
33058
33067
33071
33078
33084
33090
33091
33100
33109
33111
33114
33121
33123
33129
33139
33144
33149
33154
33162
33170
33180
33183
33193
33195
33200
33206
33215
33224
33228
33231
33240
33248
33252
33253
33260
33269
33278
33288
33296
33303
33313
33320
33328
33333
33338
33344
33346
33355
33363
33371
33379
33387
33397
33401
33402
33405
33408
33413
33419
33422
33429
33439
33440
33449
33454
33458
33461
33469
33474
33476
33477
33484
33491
33498
33505
33507
33509
33511
33521
33531
33537
33538
33544
33546
33554
33559
33563
33571
33576
33581
33589
33598
33604
33613
33617
33627
33637
33645
33654
33661
33670
33671
33678
33681
33691
33692
33700
33702
33710
33718
33720
33723
33727
33728
33729
33738
33739
33741
33750
33756
33764
33767
33771
33780
33786
33794
33804
33807
33813
33823
33827
33836
33843
33851
33856
33866
33875
33876
33886
33893
33901
33903
33906
33911
33913
33918
33928
33929
33936
33942
33951
33955
33956
33962
33971
33976
33979
33986
33991
33997
34004
34008
34010
34014
34016
34018
34023
34031
34040
34044
34050
34058
34066
34073
34079
34080
34081
34087
34089
34096
34106
34113
34118
34123
34127
34136
34139
34148
34152
34153
34155
34158
34168
34177
34186
34190
34196
34200
34210
34218
34219
34224
34229
34231
34232
34239
34246
34256
34266
34271
34275
34277
34282
34285
34286
34294
34297
34299
34308
34312
34316
34325
34328
34336
34338
34346
34356
34361
34368
34372
34374
34375
34379
34389
34396
34404
34406
34410
34420
34424
34426
34428
34435
34442
34452
34458
34462
34471
34474
34481
34483
34489
34495
34499
34507
34511
34517
34527
34534
34538
34547
34551
34559
34564
34567
34568
34574
34577
34586
34587
34591
34596
34605
34612
34616
34626
34628
34632
34635
34637
34638
34647
34656
34664
34673
34682
34685
34694
34700
34705
34714
34723
34729
34733
34738
34742
34747
34753
34761
34767
34777
34781
34785
34787
34793
34800
34805
34810
34816
34826
34829
34830
34831
34837
34845
34853
34854
34857
34860
34861
34870
34871
34877
34879
34886
34889
34893
34896
34902
34907
34909
34915
34918
34922
34927
34934
34940
34950
34951
34960
34966
34971
34977
34982
34985
34988
34997
35004
35006
35013
35020
35027
35029
35031
35035
35041
35043
35052
35059
35066
35069
35076
35084
35090
35100
35104
35108
35111
35116
35117
35125
35132
35133
35141
35143
35145
35148
35149
35155
35160
35168
35171
35180
35181
35188
35194
35195
35202
35212
35216
35224
35228
35234
35243
35251
35260
35270
35273
35275
35281
35285
35288
35291
35295
35302
35311
35321
35331
35333
35343
35349
35350
35356
35358
35366
35372
35375
35381
35388
35390
35394
35397
35400
35410
35415
35416
35426
35428
35435
35441
35445
35452
35453
35462
35470
35479
35489
35491
35499
35503
35513
35516
35521
35525
35526
35536
35540
35542
35543
35551
35557
35565
35570
35578
35584
35589
35599
35605
35609
35615
35620
35630
35631
35633
35635
35636
35639
35646
35655
35656
35662
35672
35679
35689
35696
35699
35707
35716
35717
35726
35731
35733
35739
35741
35747
35749
35754
35757
35765
35768
35775
35776
35777
35787
35790
35799
35803
35809
35819
35821
35827
35832
35833
35841
35845
35853
35856
35862
35871
35873
35878
35882
35885
35893
35897
35905
35912
35920
35927
35934
35935
35943
35951
35957
35959
35967
35973
35977
35981
35987
35988
35997
36005
36011
36019
36025
36032
36035
36040
36048
36051
36054
36064
36071
36078
36081
36090
36091
36095
36102
36112
36113
36121
36122
36124
36125
36134
36137
36147
36149
36156
36165
36169
36179
36188
36191
36197
36201
36205
36206
36210
36215
36220
36221
36223
36224
36234
36241
36244
36250
36251
36256
36257
36258
36262
36268
36274
36282
36284
36289
36290
36294
36298
36299
36306
36307
36317
36327
36335
36343
36352
36360
36365
36373
36378
36386
36390
36397
36401
36411
36419
36422
36425
36430
36440
36445
36447
36451
36456
36458
36462
36464
36471
36477
36481
36482
36485
36489
36495
36500
36501
36504
36506
36512
36517
36522
36524
36528
36537
36547
36555
36557
36565
36569
36576
36581
36590
36600
36603
36608
36615
36618
36621
36624
36627
36628
36631
36632
36634
36642
36646
36649
36654
36662
36666
36669
36671
36680
36690
36696
36706
36712
36716
36722
36732
36742
36750
36755
36763
36764
36773
36777
36786
36794
36801
36806
36812
36815
36818
36825
36832
36842
36849
36858
36866
36872
36877
36887
36888
36889
36891
36894
36904
36913
36920
36929
36939
36948
36958
36968
36970
36980
36982
36990
36998
36999
37006
37013
37022
37028
37033
37039
37044
37053
37055
37064
37065
37075
37082
37083
37085
37086
37088
37097
37098
37100
37103
37105
37110
37114
37117
37121
37129
37132
37134
37135
37137
37142
37151
37154
37158
37167
37174
37179
37182
37190
37191
37193
37196
37204
37211
37213
37221
37227
37229
37239
37242
37248
37252
37262
37264
37266
37272
37282
37292
37293
37302
37304
37313
37318
37323
37324
37330
37337
37343
37351
37358
37362
37363
37367
37377
37383
37387
37391
37392
37397
37405
37412
37413
37418
37423
37426
37428
37437
37440
37443
37446
37450
37456
37458
37465
37475
37476
37485
37489
37498
37504
37505
37510
37511
37520
37526
37531
37532
37533
37541
37545
37554
37559
37568
37569
37571
37574
37580
37581
37588
37590
37599
37608
37613
37615
37616
37620
37629
37630
37638
37644
37652
37660
37667
37677
37679
37685
37687
37691
37699
37708
37713
37715
37718
37721
37723
37725
37735
37744
37751
37752
37762
37763
37770
37773
37775
37782
37784
37787
37795
37803
37812
37819
37823
37833
37841
37850
37851
37857
37861
37865
37871
37872
37875
37884
37887
37895
37903
37907
37911
37917
37919
37925
37928
37929
37938
37944
37948
37949
37950
37957
37965
37971
37976
37979
37982
37987
37996
38000
38001
38008
38009
38016
38026
38036
38044
38047
38052
38053
38062
38071
38075
38085
38086
38094
38100
38109
38115
38117
38122
38123
38132
38140
38146
38148
38157
38163
38173
38178
38182
38187
38190
38193
38194
38197
38202
38209
38214
38221
38225
38228
38236
38245
38250
38254
38261
38269
38279
38289
38298
38304
38305
38309
38313
38317
38326
38332
38340
38348
38355
38356
38360
38369
38379
38388
38398
38401
38404
38410
38412
38415
38422
38429
38433
38434
38442
38450
38452
38460
38464
38470
38479
38488
38489
38495
38496
38499
38501
38506
38514
38518
38522
38530
38536
38539
38540
38548
38551
38552
38556
38557
38562
38564
38568
38571
38581
38582
38588
38593
38595
38602
38604
38614
38619
38625
38630
38636
38644
38652
38657
38659
38661
38669
38678
38688
38694
38700
38701
38709
38714
38720
38726
38733
38742
38745
38749
38754
38761
38765
38775
38784
38794
38799
38801
38806
38815
38822
38831
38834
38843
38846
38849
38852
38861
38866
38867
38870
38877
38883
38884
38893
38903
38904
38906
38912
38914
38924
38925
38928
38937
38942
38950
38958
38959
38963
38970
38979
38984
38993
39000
39003
39013
39015
39025
39033
39035
39045
39053
39056
39062
39065
39070
39078
39082
39084
39087
39088
39092
39102
39111
39112
39117
39121
39126
39136
39145
39152
39160
39164
39169
39177
39180
39183
39187
39192
39194
39199
39207
39209
39212
39216
39224
39232
39241
39248
39251
39257
39264
39269
39273
39280
39284
39285
39290
39299
39301
39306
39307
39308
39313
39318
39325
39326
39336
39343
39353
39360
39363
39364
39369
39370
39379
39382
39391
39401
39411
39418
39420
39423
39424
39433
39437
39439
39443
39453
39454
39458
39462
39470
39473
39477
39482
39490
39494
39495
39500
39503
39504
39511
39515
39517
39521
39528
39529
39531
39538
39545
39550
39557
39567
39569
39575
39583
39593
39597
39602
39609
39616
39625
39627
39631
39636
39645
39649
39650
39651
39661
39664
39666
39676
39684
39694
39699
39705
39710
39715
39724
39734
39737
39739
39740
39747
39756
39762
39770
39774
39783
39791
39801
39803
39807
39811
39818
39826
39831
39838
39839
39848
39858
39862
39864
39873
39874
39882
39890
39898
39903
39905
39915
39922
39927
39932
39935
39938
39944
39950
39954
39960
39967
39973
39975
39979
39989
39997
40005
40008
40012
40020
40023
40027
40031
40035
40041
40047
40053
40056
40062
40068
40075
40078
40083
40089
40090
40098
40108
40116
40126
40133
40134
40136
40138
40142
40152
40160
40165
40171
40178
40185
40192
40197
40199
40203
40207
40209
40216
40218
40219
40228
40236
40241
40251
40254
40261
40264
40271
40272
40274
40277
40282
40292
40299
40301
40305
40309
40312
40322
40324
40329
40335
40338
40340
40344
40345
40354
40364
40369
40377
40387
40395
40403
40404
40414
40421
40430
40432
40440
40445
40446
40449
40455
40460
40462
40468
40477
40481
40483
40490
40499
40500
40509
40512
40516
40522
40529
40537
40541
40549
40558
40560
40564
40574
40582
40589
40599
40601
40609
40610
40613
40620
40622
40629
40631
40637
40642
40652
40658
40668
40676
40677
40687
40695
40703
40708
40710
40711
40716
40718
40721
40723
40731
40735
40742
40746
40753
40758
40765
40771
40773
40782
40783
40792
40795
40799
40802
40811
40816
40817
40823
40831
40834
40840
40843
40849
40855
40865
40868
40874
40884
40894
40903
40905
40911
40917
40921
40931
40935
40940
40945
40949
40956
40957
40958
40962
40964
40972
40976
40981
40983
40993
40996
41005
41009
41015
41020
41022
41027
41033
41038
41048
41050
41053
41062
41066
41076
41078
41085
41093
41103
41111
41119
41124
41128
41135
41141
41148
41153
41154
41157
41163
41170
41179
41188
41196
41202
41210
41220
41224
41229
41230
41235
41239
41249
41258
41266
41274
41279
41289
41296
41298
41306
41316
41318
41320
41326
41330
41331
41340
41346
41353
41363
41368
41375
41377
41387
41390
41398
41406
41409
41418
41424
41427
41429
41437
41441
41444
41450
41459
41466
41469
41473
41482
41483
41489
41491
41492
41496
41503
41508
41517
41522
41532
41534
41543
41547
41552
41556
41557
41566
41570
41573
41576
41586
41596
41599
41607
41611
41616
41620
41630
41639
41647
41650
41653
41654
41662
41667
41672
41677
41679
41680
41685
41691
41692
41702
41703
41710
41714
41720
41721
41725
41727
41730
41736
41746
41750
41753
41758
41763
41767
41773
41775
41776
41778
41787
41788
41793
41799
41807
41813
41819
41821
41830
41836
41844
41851
41859
41864
41871
41874
41882
41888
41891
41895
41905
41913
41919
41926
41927
41935
41945
41949
41954
41960
41967
41969
41973
41980
41987
41991
41995
42003
42011
42012
42022
42032
42038
42046
42048
42055
42059
42069
42075
42077
42083
42090
42095
42097
42098
42106
42115
42121
42128
42135
42136
42144
42152
42160
42161
42165
42168
42171
42179
42183
42188
42189
42199
42207
42214
42218
42224
42229
42232
42233
42242
42248
42252
42257
42260
42263
42267
42276
42286
42290
42300
42302
42311
42313
42316
42319
42329
42335
42340
42350
42356
42360
42370
42378
42385
42395
42405
42415
42421
42426
42427
42435
42440
42447
42451
42455
42463
42468
42474
42483
42487
42493
42499
42507
42509
42517
42527
42530
42535
42540
42549
42557
42563
42572
42576
42583
42593
42594
42597
42604
42612
42616
42619
42622
42630
42639
42644
42645
42650
42655
42661
42662
42671
42673
42678
42684
42687
42697
42704
42711
42714
42720
42723
42725
42731
42733
42734
42739
42744
42748
42756
42762
42766
42776
42780
42788
42798
42804
42812
42821
42822
42832
42836
42846
42848
42849
42853
42854
42855
42859
42867
42870
42880
42884
42894
42898
42899
42904
42907
42915
42922
42931
42941
42943
42945
42947
42952
42959
42967
42975
42985
42991
42997
43000
43003
43007
43014
43017
43024
43028
43038
43044
43050
43058
43064
43069
43077
43083
43085
43092
43095
43103
43107
43111
43114
43122
43125
43135
43143
43149
43158
43160
43167
43176
43186
43195
43200
43207
43216
43217
43220
43230
43231
43239
43245
43250
43259
43263
43271
43276
43277
43282
43292
43299
43302
43311
43313
43321
43328
43332
43336
43342
43345
43352
43361
43367
43371
43380
43390
43392
43397
43404
43411
43418
43422
43429
43435
43443
43448
43453
43460
43464
43470
43477
43478
43483
43484
43490
43491
43499
43506
43507
43509
43515
43524
43529
43539
43546
43548
43555
43563
43568
43570
43574
43581
43586
43595
43596
43598
43599
43605
43607
43615
43618
43621
43627
43633
43634
43642
43651
43659
43666
43673
43679
43680
43687
43688
43696
43706
43716
43722
43731
43734
43738
43743
43746
43756
43761
43770
43771
43779
43783
43785
43786
43789
43790
43791
43799
43807
43813
43823
43831
43834
43844
43847
43849
43853
43854
43861
43863
43865
43868
43876
43881
43888
43893
43895
43900
43905
43908
43910
43919
43928
43936
43939
43949
43955
43959
43961
43966
43970
43971
43977
43980
43984
43987
43990
43994
44004
44014
44018
44028
44032
44041
44044
44045
44052
44061
44063
44070
44071
44075
44078
44083
44084
44090
44091
44099
44108
44115
44125
44134
44143
44147
44154
44159
44163
44167
44173
44181
44184
44194
44200
44210
44212
44222
44232
44236
44243
44247
44256
44262
44271
44272
44279
44280
44290
44298
44300
44310
44319
44321
44330
44338
44341
44349
44352
44355
44365
44372
44374
44380
44381
44384
44391
44398
44407
44408
44418
44419
44426
44436
44443
44453
44455
44464
44465
44470
44480
44482
44491
44499
44506
44516
44517
44525
44529
44534
44544
44547
44551
44553
44554
44556
44557
44560
44570
44574
44583
44589
44595
44596
44605
44612
44615
44618
44619
44622
44627
44632
44634
44644
44651
44661
44670
44672
44674
44684
44688
44698
44703
44709
44719
44725
44731
44738
44744
44748
44758
44767
44777
44783
44784
44792
44797
44805
44807
44815
44819
44822
44823
44832
44839
44847
44857
44861
44871
44881
44888
44892
44902
44904
44907
44910
44915
44922
44931
44934
44944
44947
44950
44956
44961
44964
44965
44975
44977
44983
44991
44996
45006
45009
45011
45014
45015
45023
45024
45029
45039
45041
45050
45052
45056
45065
45073
45083
45092
45096
45100
45102
45107
45110
45117
45123
45129
45134
45139
45149
45155
45158
45160
45162
45170
45177
45180
45182
45183
45193
45202
45208
45211
45213
45217
45219
45222
45230
45234
45237
45238
45248
45254
45259
45260
45262
45265
45267
45268
45269
45275
45278
45285
45292
45296
45300
45309
45314
45315
45323
45325
45327
45330
45337
45347
45351
45353
45361
45363
45367
45376
45377
45381
45386
45388
45390
45392
45401
45406
45413
45418
45428
45431
45432
45441
45442
45444
45454
45456
45463
45467
45471
45476
45481
45490
45491
45499
45509
45515
45519
45527
45528
45538
45545
45546
45555
45561
45570
45575
45585
45594
45599
45606
45616
45617
45624
45626
45628
45637
45645
45653
45659
45660
45664
45674
45677
45678
45684
45686
45688
45689
45691
45693
45696
45704
45712
45717
45718
45724
45734
45743
45751
45761
45767
45771
45775
45778
45783
45793
45803
45813
45820
45824
45828
45835
45844
45845
45852
45854
45857
45858
45863
45871
45874
45881
45888
45894
45899
45903
45913
45919
45929
45932
45940
45941
45945
45952
45954
45960
45970
45973
45976
45981
45989
45990
45996
45998
46000
46001
46005
46014
46015
46024
46032
46038
46047
46050
46053
46063
46065
46070
46076
46082
46090
46093
46100
46105
46111
46115
46118
46124
46128
46133
46137
46142
46148
46150
46152
46153
46155
46161
46171
46178
46184
46185
46194
46195
46196
46197
46199
46200
46204
46214
46221
46230
46232
46238
46240
46243
46244
46249
46254
46258
46260
46270
46280
46289
46290
46292
46296
46305
46314
46324
46327
46335
46340
46349
46355
46359
46366
46368
46376
46386
46390
46393
46394
46398
46403
46412
46414
46418
46426
46434
46441
46442
46451
46453
46462
46469
46472
46474
46475
46479
46480
46490
46492
46498
46507
46515
46524
46527
46530
46536
46537
46540
46544
46545
46552
46556
46562
46563
46566
46570
46577
46587
46596
46598
46600
46606
46613
46620
46625
46627
46632
46638
46641
46646
46654
46655
46661
46667
46677
46687
46691
46697
46705
46710
46712
46721
46728
46732
46736
46738
46748
46752
46760
46767
46771
46774
46783
46787
46795
46800
46806
46807
46812
46821
46825
46833
46835
46836
46841
46846
46852
46854
46858
46868
46874
46883
46890
46896
46904
46908
46912
46920
46921
46925
46926
46933
46936
46937
46944
46945
46949
46956
46958
46962
46969
46972
46980
46984
46994
46995
47004
47011
47021
47028
47036
47037
47041
47049
47053
47060
47067
47076
47086
47088
47097
47102
47107
47109
47119
47125
47135
47137
47138
47142
47151
47157
47164
47174
47183
47189
47197
47201
47208
47211
47221
47227
47236
47239
47248
47250
47251
47258
47262
47271
47277
47278
47287
47289
47295
47300
47302
47304
47314
47323
47328
47332
47337
47344
47352
47357
47358
47359
47368
47374
47381
47383
47389
47395
47399
47400
47405
47408
47412
47415
47419
47426
47435
47440
47448
47454
47463
47467
47468
47476
47482
47483
47485
47493
47503
47505
47511
47521
47524
47533
47541
47550
47556
47565
47575
47577
47583
47587
47588
47590
47592
47597
47599
47605
47609
47619
47625
47635
47644
47652
47659
47664
47668
47669
47671
47679
47685
47694
47700
47707
47709
47710
47714
47719
47725
47732
47733
47740
47742
47746
47756
47764
47773
47774
47780
47781
47788
47790
47800
47806
47814
47818
47827
47828
47837
47846
47851
47857
47866
47869
47877
47881
47890
47891
47893
47901
47905
47908
47910
47915
47917
47921
47926
47927
47932
47934
47935
47943
47944
47953
47954
47957
47964
47971
47981
47991
47992
48001
48008
48013
48021
48031
48037
48044
48045
48047
48054
48055
48057
48061
48063
48064
48067
48074
48084
48086
48088
48089
48092
48095
48102
48109
48116
48120
48121
48131
48133
48136
48145
48153
48156
48157
48163
48170
48176
48186
48194
48200
48202
48212
48218
48224
48225
48233
48240
48245
48250
48258
48263
48265
48275
48280
48283
48290
48299
48304
48314
48317
48322
48331
48339
48349
48350
48355
48357
48364
48365
48371
48379
48380
48389
48398
48406
48412
48419
48425
48435
48441
48446
48451
48456
48465
48470
48474
48479
48486
48490
48492
48502
48505
48506
48508
48511
48520
48529
48531
48539
48545
48547
48554
48564
48565
48566
48567
48574
48575
48579
48588
48596
48604
48613
48615
48621
48624
48627
48629
48631
48639
48644
48648
48652
48659
48662
48664
48666
48668
48678
48680
48688
48697
48701
48704
48706
48709
48711
48718
48719
48722
48731
48737
48743
48752
48755
48762
48772
48774
48779
48788
48789
48797
48798
48804
48812
48820
48826
48830
48837
48842
48852
48857
48863
48873
48882
48892
48898
48900
48910
48911
48919
48922
48932
48939
48949
48959
48965
48973
48974
48977
48979
48983
48988
48995
48999
49004
49007
49009
49016
49023
49030
49034
49043
49046
49053
49054
49062
49065
49071
49075
49083
49093
49097
49107
49111
49115
49119
49120
49130
49133
49137
49147
49151
49153
49157
49163
49168
49169
49179
49186
49187
49191
49200
49204
49212
49219
49225
49231
49236
49243
49253
49262
49263
49264
49271
49278
49281
49282
49285
49294
49304
49310
49317
49324
49333
49334
49342
49347
49354
49361
49368
49371
49377
49386
49396
49399
49403
49405
49415
49417
49418
49427
49432
49435
49439
49446
49452
49462
49471
49477
49485
49492
49499
49503
49505
49510
49519
49520
49529
49539
49541
49545
49549
49553
49560
49562
49569
49571
49580
49588
49595
49599
49606
49610
49615
49617
49626
49635
49645
49651
49659
49664
49669
49672
49681
49690
49700
49703
49704
49706
49714
49722
49729
49739
49743
49752
49755
49757
49760
49769
49773
49774
49776
49786
49795
49803
49805
49810
49820
49826
49830
49839
49843
49849
49858
49866
49869
49873
49874
49880
49881
49884
49893
49896
49897
49902
49910
49919
49928
49932
49935
49938
49939
49949
49952
49953
49961
49964
49972
49981
49990
49991
49992
49998
50000
50006
50016
50022
50027
50034
50040
50043
50050
50054
50063
50066
50067
50072
50080
50082
50091
50094
50095
50102
50112
50121
50122
50126
50131
50133
50135
50145
50154
50163
50165
50171
50173
50182
50183
50191
50194
50204
50208
50217
50218
50222
50229
50232
50239
50246
50248
50258
50266
50274
50282
50289
50292
50300